##TITLE= tacn5500
##JCAMP-DX= 5.00 Bruker JCAMP library
##DATA TYPE= Shape Data
##ORIGIN= Bruker BioSpin GmbH
##OWNER= <BRUKER>
##DATE= 2013/09/03
##TIME= 16:49:20
##$SHAPE_PARAMETERS= Type: TangAmplitudeMod ; delta MAS 5500.0 ; dipolar coupling 300.0 ; RF field at match 30000.0 ; Ampl. Scaling Factor [%] 80.0
##MINX= 6.533333E01
##MAXX= 9.466667E01
##MINY= 0.000000E00
##MAXY= 0.000000E00
##$SHAPE_EXMODE= Excitation
##$SHAPE_TOTROT= 9.000000E01
##$SHAPE_TYPE= Excitation
##$SHAPE_USER_DEF= 
##$SHAPE_REPHFAC= 
##$SHAPE_BWFAC= 1.118000E00
##$SHAPE_BWFAC50= 
##$SHAPE_INTEGFAC= 8.000000E-01
##$SHAPE_MODE= 0
##NPOINTS= 1000
##XYPOINTS= (XY..XY)
6.533333E01, 0.000000E00
6.610886E01, 0.000000E00
6.680671E01, 0.000000E00
6.743803E01, 0.000000E00
6.801190E01, 0.000000E00
6.853583E01, 0.000000E00
6.901607E01, 0.000000E00
6.945789E01, 0.000000E00
6.986572E01, 0.000000E00
7.024334E01, 0.000000E00
7.059400E01, 0.000000E00
7.092049E01, 0.000000E00
7.122524E01, 0.000000E00
7.151034E01, 0.000000E00
7.177765E01, 0.000000E00
7.202878E01, 0.000000E00
7.226517E01, 0.000000E00
7.248807E01, 0.000000E00
7.269863E01, 0.000000E00
7.289782E01, 0.000000E00
7.308657E01, 0.000000E00
7.326566E01, 0.000000E00
7.343583E01, 0.000000E00
7.359773E01, 0.000000E00
7.375195E01, 0.000000E00
7.389902E01, 0.000000E00
7.403944E01, 0.000000E00
7.417365E01, 0.000000E00
7.430205E01, 0.000000E00
7.442501E01, 0.000000E00
7.454289E01, 0.000000E00
7.465598E01, 0.000000E00
7.476457E01, 0.000000E00
7.486893E01, 0.000000E00
7.496931E01, 0.000000E00
7.506593E01, 0.000000E00
7.515899E01, 0.000000E00
7.524870E01, 0.000000E00
7.533523E01, 0.000000E00
7.541875E01, 0.000000E00
7.549942E01, 0.000000E00
7.557737E01, 0.000000E00
7.565276E01, 0.000000E00
7.572569E01, 0.000000E00
7.579630E01, 0.000000E00
7.586469E01, 0.000000E00
7.593097E01, 0.000000E00
7.599524E01, 0.000000E00
7.605758E01, 0.000000E00
7.611808E01, 0.000000E00
7.617682E01, 0.000000E00
7.623389E01, 0.000000E00
7.628934E01, 0.000000E00
7.634326E01, 0.000000E00
7.639570E01, 0.000000E00
7.644673E01, 0.000000E00
7.649639E01, 0.000000E00
7.654476E01, 0.000000E00
7.659187E01, 0.000000E00
7.663778E01, 0.000000E00
7.668254E01, 0.000000E00
7.672618E01, 0.000000E00
7.676875E01, 0.000000E00
7.681028E01, 0.000000E00
7.685083E01, 0.000000E00
7.689042E01, 0.000000E00
7.692908E01, 0.000000E00
7.696685E01, 0.000000E00
7.700377E01, 0.000000E00
7.703985E01, 0.000000E00
7.707513E01, 0.000000E00
7.710964E01, 0.000000E00
7.714340E01, 0.000000E00
7.717643E01, 0.000000E00
7.720877E01, 0.000000E00
7.724042E01, 0.000000E00
7.727142E01, 0.000000E00
7.730179E01, 0.000000E00
7.733154E01, 0.000000E00
7.736069E01, 0.000000E00
7.738927E01, 0.000000E00
7.741728E01, 0.000000E00
7.744475E01, 0.000000E00
7.747170E01, 0.000000E00
7.749813E01, 0.000000E00
7.752406E01, 0.000000E00
7.754951E01, 0.000000E00
7.757449E01, 0.000000E00
7.759902E01, 0.000000E00
7.762310E01, 0.000000E00
7.764676E01, 0.000000E00
7.766999E01, 0.000000E00
7.769282E01, 0.000000E00
7.771525E01, 0.000000E00
7.773730E01, 0.000000E00
7.775897E01, 0.000000E00
7.778027E01, 0.000000E00
7.780122E01, 0.000000E00
7.782182E01, 0.000000E00
7.784209E01, 0.000000E00
7.786202E01, 0.000000E00
7.788163E01, 0.000000E00
7.790094E01, 0.000000E00
7.791993E01, 0.000000E00
7.793863E01, 0.000000E00
7.795704E01, 0.000000E00
7.797517E01, 0.000000E00
7.799301E01, 0.000000E00
7.801059E01, 0.000000E00
7.802791E01, 0.000000E00
7.804497E01, 0.000000E00
7.806177E01, 0.000000E00
7.807834E01, 0.000000E00
7.809466E01, 0.000000E00
7.811075E01, 0.000000E00
7.812660E01, 0.000000E00
7.814224E01, 0.000000E00
7.815766E01, 0.000000E00
7.817286E01, 0.000000E00
7.818785E01, 0.000000E00
7.820264E01, 0.000000E00
7.821723E01, 0.000000E00
7.823162E01, 0.000000E00
7.824582E01, 0.000000E00
7.825983E01, 0.000000E00
7.827366E01, 0.000000E00
7.828730E01, 0.000000E00
7.830078E01, 0.000000E00
7.831407E01, 0.000000E00
7.832720E01, 0.000000E00
7.834017E01, 0.000000E00
7.835297E01, 0.000000E00
7.836561E01, 0.000000E00
7.837810E01, 0.000000E00
7.839044E01, 0.000000E00
7.840262E01, 0.000000E00
7.841466E01, 0.000000E00
7.842655E01, 0.000000E00
7.843830E01, 0.000000E00
7.844992E01, 0.000000E00
7.846140E01, 0.000000E00
7.847274E01, 0.000000E00
7.848396E01, 0.000000E00
7.849504E01, 0.000000E00
7.850600E01, 0.000000E00
7.851684E01, 0.000000E00
7.852756E01, 0.000000E00
7.853815E01, 0.000000E00
7.854863E01, 0.000000E00
7.855900E01, 0.000000E00
7.856925E01, 0.000000E00
7.857939E01, 0.000000E00
7.858942E01, 0.000000E00
7.859935E01, 0.000000E00
7.860917E01, 0.000000E00
7.861888E01, 0.000000E00
7.862850E01, 0.000000E00
7.863802E01, 0.000000E00
7.864744E01, 0.000000E00
7.865676E01, 0.000000E00
7.866599E01, 0.000000E00
7.867512E01, 0.000000E00
7.868417E01, 0.000000E00
7.869312E01, 0.000000E00
7.870199E01, 0.000000E00
7.871076E01, 0.000000E00
7.871946E01, 0.000000E00
7.872807E01, 0.000000E00
7.873659E01, 0.000000E00
7.874504E01, 0.000000E00
7.875340E01, 0.000000E00
7.876169E01, 0.000000E00
7.876990E01, 0.000000E00
7.877803E01, 0.000000E00
7.878609E01, 0.000000E00
7.879407E01, 0.000000E00
7.880198E01, 0.000000E00
7.880982E01, 0.000000E00
7.881759E01, 0.000000E00
7.882529E01, 0.000000E00
7.883292E01, 0.000000E00
7.884048E01, 0.000000E00
7.884798E01, 0.000000E00
7.885541E01, 0.000000E00
7.886278E01, 0.000000E00
7.887008E01, 0.000000E00
7.887732E01, 0.000000E00
7.888451E01, 0.000000E00
7.889163E01, 0.000000E00
7.889869E01, 0.000000E00
7.890569E01, 0.000000E00
7.891263E01, 0.000000E00
7.891952E01, 0.000000E00
7.892635E01, 0.000000E00
7.893312E01, 0.000000E00
7.893984E01, 0.000000E00
7.894651E01, 0.000000E00
7.895312E01, 0.000000E00
7.895968E01, 0.000000E00
7.896619E01, 0.000000E00
7.897265E01, 0.000000E00
7.897906E01, 0.000000E00
7.898542E01, 0.000000E00
7.899173E01, 0.000000E00
7.899799E01, 0.000000E00
7.900421E01, 0.000000E00
7.901038E01, 0.000000E00
7.901650E01, 0.000000E00
7.902257E01, 0.000000E00
7.902860E01, 0.000000E00
7.903459E01, 0.000000E00
7.904054E01, 0.000000E00
7.904644E01, 0.000000E00
7.905229E01, 0.000000E00
7.905811E01, 0.000000E00
7.906388E01, 0.000000E00
7.906962E01, 0.000000E00
7.907531E01, 0.000000E00
7.908096E01, 0.000000E00
7.908658E01, 0.000000E00
7.909215E01, 0.000000E00
7.909769E01, 0.000000E00
7.910319E01, 0.000000E00
7.910865E01, 0.000000E00
7.911407E01, 0.000000E00
7.911946E01, 0.000000E00
7.912482E01, 0.000000E00
7.913013E01, 0.000000E00
7.913542E01, 0.000000E00
7.914066E01, 0.000000E00
7.914588E01, 0.000000E00
7.915106E01, 0.000000E00
7.915620E01, 0.000000E00
7.916132E01, 0.000000E00
7.916640E01, 0.000000E00
7.917145E01, 0.000000E00
7.917647E01, 0.000000E00
7.918145E01, 0.000000E00
7.918641E01, 0.000000E00
7.919133E01, 0.000000E00
7.919623E01, 0.000000E00
7.920109E01, 0.000000E00
7.920593E01, 0.000000E00
7.921074E01, 0.000000E00
7.921551E01, 0.000000E00
7.922026E01, 0.000000E00
7.922499E01, 0.000000E00
7.922968E01, 0.000000E00
7.923435E01, 0.000000E00
7.923899E01, 0.000000E00
7.924360E01, 0.000000E00
7.924818E01, 0.000000E00
7.925274E01, 0.000000E00
7.925728E01, 0.000000E00
7.926179E01, 0.000000E00
7.926627E01, 0.000000E00
7.927073E01, 0.000000E00
7.927517E01, 0.000000E00
7.927958E01, 0.000000E00
7.928396E01, 0.000000E00
7.928832E01, 0.000000E00
7.929266E01, 0.000000E00
7.929698E01, 0.000000E00
7.930127E01, 0.000000E00
7.930554E01, 0.000000E00
7.930979E01, 0.000000E00
7.931401E01, 0.000000E00
7.931822E01, 0.000000E00
7.932240E01, 0.000000E00
7.932656E01, 0.000000E00
7.933070E01, 0.000000E00
7.933481E01, 0.000000E00
7.933891E01, 0.000000E00
7.934299E01, 0.000000E00
7.934704E01, 0.000000E00
7.935108E01, 0.000000E00
7.935510E01, 0.000000E00
7.935909E01, 0.000000E00
7.936307E01, 0.000000E00
7.936703E01, 0.000000E00
7.937097E01, 0.000000E00
7.937489E01, 0.000000E00
7.937879E01, 0.000000E00
7.938268E01, 0.000000E00
7.938654E01, 0.000000E00
7.939039E01, 0.000000E00
7.939422E01, 0.000000E00
7.939803E01, 0.000000E00
7.940183E01, 0.000000E00
7.940560E01, 0.000000E00
7.940936E01, 0.000000E00
7.941311E01, 0.000000E00
7.941684E01, 0.000000E00
7.942055E01, 0.000000E00
7.942424E01, 0.000000E00
7.942792E01, 0.000000E00
7.943158E01, 0.000000E00
7.943523E01, 0.000000E00
7.943886E01, 0.000000E00
7.944247E01, 0.000000E00
7.944608E01, 0.000000E00
7.944966E01, 0.000000E00
7.945323E01, 0.000000E00
7.945679E01, 0.000000E00
7.946033E01, 0.000000E00
7.946385E01, 0.000000E00
7.946737E01, 0.000000E00
7.947086E01, 0.000000E00
7.947435E01, 0.000000E00
7.947782E01, 0.000000E00
7.948127E01, 0.000000E00
7.948472E01, 0.000000E00
7.948815E01, 0.000000E00
7.949156E01, 0.000000E00
7.949497E01, 0.000000E00
7.949836E01, 0.000000E00
7.950173E01, 0.000000E00
7.950510E01, 0.000000E00
7.950845E01, 0.000000E00
7.951179E01, 0.000000E00
7.951511E01, 0.000000E00
7.951843E01, 0.000000E00
7.952173E01, 0.000000E00
7.952502E01, 0.000000E00
7.952830E01, 0.000000E00
7.953157E01, 0.000000E00
7.953482E01, 0.000000E00
7.953807E01, 0.000000E00
7.954130E01, 0.000000E00
7.954452E01, 0.000000E00
7.954773E01, 0.000000E00
7.955093E01, 0.000000E00
7.955412E01, 0.000000E00
7.955730E01, 0.000000E00
7.956046E01, 0.000000E00
7.956362E01, 0.000000E00
7.956676E01, 0.000000E00
7.956990E01, 0.000000E00
7.957303E01, 0.000000E00
7.957614E01, 0.000000E00
7.957925E01, 0.000000E00
7.958234E01, 0.000000E00
7.958543E01, 0.000000E00
7.958850E01, 0.000000E00
7.959157E01, 0.000000E00
7.959463E01, 0.000000E00
7.959767E01, 0.000000E00
7.960071E01, 0.000000E00
7.960374E01, 0.000000E00
7.960676E01, 0.000000E00
7.960977E01, 0.000000E00
7.961277E01, 0.000000E00
7.961577E01, 0.000000E00
7.961875E01, 0.000000E00
7.962173E01, 0.000000E00
7.962469E01, 0.000000E00
7.962765E01, 0.000000E00
7.963060E01, 0.000000E00
7.963354E01, 0.000000E00
7.963648E01, 0.000000E00
7.963940E01, 0.000000E00
7.964232E01, 0.000000E00
7.964523E01, 0.000000E00
7.964813E01, 0.000000E00
7.965103E01, 0.000000E00
7.965392E01, 0.000000E00
7.965680E01, 0.000000E00
7.965967E01, 0.000000E00
7.966253E01, 0.000000E00
7.966539E01, 0.000000E00
7.966824E01, 0.000000E00
7.967108E01, 0.000000E00
7.967392E01, 0.000000E00
7.967674E01, 0.000000E00
7.967957E01, 0.000000E00
7.968238E01, 0.000000E00
7.968519E01, 0.000000E00
7.968799E01, 0.000000E00
7.969078E01, 0.000000E00
7.969357E01, 0.000000E00
7.969635E01, 0.000000E00
7.969913E01, 0.000000E00
7.970190E01, 0.000000E00
7.970466E01, 0.000000E00
7.970742E01, 0.000000E00
7.971017E01, 0.000000E00
7.971291E01, 0.000000E00
7.971565E01, 0.000000E00
7.971838E01, 0.000000E00
7.972111E01, 0.000000E00
7.972383E01, 0.000000E00
7.972655E01, 0.000000E00
7.972925E01, 0.000000E00
7.973196E01, 0.000000E00
7.973466E01, 0.000000E00
7.973735E01, 0.000000E00
7.974004E01, 0.000000E00
7.974272E01, 0.000000E00
7.974540E01, 0.000000E00
7.974807E01, 0.000000E00
7.975074E01, 0.000000E00
7.975340E01, 0.000000E00
7.975605E01, 0.000000E00
7.975871E01, 0.000000E00
7.976135E01, 0.000000E00
7.976400E01, 0.000000E00
7.976663E01, 0.000000E00
7.976927E01, 0.000000E00
7.977189E01, 0.000000E00
7.977452E01, 0.000000E00
7.977714E01, 0.000000E00
7.977975E01, 0.000000E00
7.978236E01, 0.000000E00
7.978497E01, 0.000000E00
7.978757E01, 0.000000E00
7.979017E01, 0.000000E00
7.979276E01, 0.000000E00
7.979535E01, 0.000000E00
7.979794E01, 0.000000E00
7.980052E01, 0.000000E00
7.980310E01, 0.000000E00
7.980567E01, 0.000000E00
7.980824E01, 0.000000E00
7.981081E01, 0.000000E00
7.981337E01, 0.000000E00
7.981593E01, 0.000000E00
7.981848E01, 0.000000E00
7.982103E01, 0.000000E00
7.982358E01, 0.000000E00
7.982613E01, 0.000000E00
7.982867E01, 0.000000E00
7.983121E01, 0.000000E00
7.983374E01, 0.000000E00
7.983627E01, 0.000000E00
7.983880E01, 0.000000E00
7.984133E01, 0.000000E00
7.984385E01, 0.000000E00
7.984637E01, 0.000000E00
7.984889E01, 0.000000E00
7.985140E01, 0.000000E00
7.985391E01, 0.000000E00
7.985642E01, 0.000000E00
7.985892E01, 0.000000E00
7.986143E01, 0.000000E00
7.986393E01, 0.000000E00
7.986642E01, 0.000000E00
7.986892E01, 0.000000E00
7.987141E01, 0.000000E00
7.987390E01, 0.000000E00
7.987639E01, 0.000000E00
7.987888E01, 0.000000E00
7.988136E01, 0.000000E00
7.988384E01, 0.000000E00
7.988632E01, 0.000000E00
7.988879E01, 0.000000E00
7.989127E01, 0.000000E00
7.989374E01, 0.000000E00
7.989621E01, 0.000000E00
7.989868E01, 0.000000E00
7.990115E01, 0.000000E00
7.990361E01, 0.000000E00
7.990607E01, 0.000000E00
7.990854E01, 0.000000E00
7.991099E01, 0.000000E00
7.991345E01, 0.000000E00
7.991591E01, 0.000000E00
7.991836E01, 0.000000E00
7.992082E01, 0.000000E00
7.992327E01, 0.000000E00
7.992572E01, 0.000000E00
7.992817E01, 0.000000E00
7.993061E01, 0.000000E00
7.993306E01, 0.000000E00
7.993551E01, 0.000000E00
7.993795E01, 0.000000E00
7.994039E01, 0.000000E00
7.994283E01, 0.000000E00
7.994527E01, 0.000000E00
7.994771E01, 0.000000E00
7.995015E01, 0.000000E00
7.995259E01, 0.000000E00
7.995503E01, 0.000000E00
7.995746E01, 0.000000E00
7.995990E01, 0.000000E00
7.996233E01, 0.000000E00
7.996476E01, 0.000000E00
7.996720E01, 0.000000E00
7.996963E01, 0.000000E00
7.997206E01, 0.000000E00
7.997449E01, 0.000000E00
7.997692E01, 0.000000E00
7.997935E01, 0.000000E00
7.998178E01, 0.000000E00
7.998421E01, 0.000000E00
7.998664E01, 0.000000E00
7.998907E01, 0.000000E00
7.999150E01, 0.000000E00
7.999393E01, 0.000000E00
7.999636E01, 0.000000E00
7.999879E01, 0.000000E00
8.000121E01, 0.000000E00
8.000364E01, 0.000000E00
8.000607E01, 0.000000E00
8.000850E01, 0.000000E00
8.001093E01, 0.000000E00
8.001336E01, 0.000000E00
8.001579E01, 0.000000E00
8.001822E01, 0.000000E00
8.002065E01, 0.000000E00
8.002308E01, 0.000000E00
8.002551E01, 0.000000E00
8.002794E01, 0.000000E00
8.003037E01, 0.000000E00
8.003280E01, 0.000000E00
8.003524E01, 0.000000E00
8.003767E01, 0.000000E00
8.004010E01, 0.000000E00
8.004254E01, 0.000000E00
8.004497E01, 0.000000E00
8.004741E01, 0.000000E00
8.004985E01, 0.000000E00
8.005229E01, 0.000000E00
8.005473E01, 0.000000E00
8.005717E01, 0.000000E00
8.005961E01, 0.000000E00
8.006205E01, 0.000000E00
8.006449E01, 0.000000E00
8.006694E01, 0.000000E00
8.006939E01, 0.000000E00
8.007183E01, 0.000000E00
8.007428E01, 0.000000E00
8.007673E01, 0.000000E00
8.007918E01, 0.000000E00
8.008164E01, 0.000000E00
8.008409E01, 0.000000E00
8.008655E01, 0.000000E00
8.008901E01, 0.000000E00
8.009146E01, 0.000000E00
8.009393E01, 0.000000E00
8.009639E01, 0.000000E00
8.009885E01, 0.000000E00
8.010132E01, 0.000000E00
8.010379E01, 0.000000E00
8.010626E01, 0.000000E00
8.010873E01, 0.000000E00
8.011121E01, 0.000000E00
8.011368E01, 0.000000E00
8.011616E01, 0.000000E00
8.011864E01, 0.000000E00
8.012112E01, 0.000000E00
8.012361E01, 0.000000E00
8.012610E01, 0.000000E00
8.012859E01, 0.000000E00
8.013108E01, 0.000000E00
8.013358E01, 0.000000E00
8.013607E01, 0.000000E00
8.013857E01, 0.000000E00
8.014108E01, 0.000000E00
8.014358E01, 0.000000E00
8.014609E01, 0.000000E00
8.014860E01, 0.000000E00
8.015111E01, 0.000000E00
8.015363E01, 0.000000E00
8.015615E01, 0.000000E00
8.015867E01, 0.000000E00
8.016120E01, 0.000000E00
8.016373E01, 0.000000E00
8.016626E01, 0.000000E00
8.016879E01, 0.000000E00
8.017133E01, 0.000000E00
8.017387E01, 0.000000E00
8.017642E01, 0.000000E00
8.017897E01, 0.000000E00
8.018152E01, 0.000000E00
8.018407E01, 0.000000E00
8.018663E01, 0.000000E00
8.018919E01, 0.000000E00
8.019176E01, 0.000000E00
8.019433E01, 0.000000E00
8.019690E01, 0.000000E00
8.019948E01, 0.000000E00
8.020206E01, 0.000000E00
8.020465E01, 0.000000E00
8.020724E01, 0.000000E00
8.020983E01, 0.000000E00
8.021243E01, 0.000000E00
8.021503E01, 0.000000E00
8.021764E01, 0.000000E00
8.022025E01, 0.000000E00
8.022286E01, 0.000000E00
8.022548E01, 0.000000E00
8.022811E01, 0.000000E00
8.023073E01, 0.000000E00
8.023337E01, 0.000000E00
8.023600E01, 0.000000E00
8.023865E01, 0.000000E00
8.024129E01, 0.000000E00
8.024395E01, 0.000000E00
8.024660E01, 0.000000E00
8.024926E01, 0.000000E00
8.025193E01, 0.000000E00
8.025460E01, 0.000000E00
8.025728E01, 0.000000E00
8.025996E01, 0.000000E00
8.026265E01, 0.000000E00
8.026534E01, 0.000000E00
8.026804E01, 0.000000E00
8.027075E01, 0.000000E00
8.027345E01, 0.000000E00
8.027617E01, 0.000000E00
8.027889E01, 0.000000E00
8.028162E01, 0.000000E00
8.028435E01, 0.000000E00
8.028709E01, 0.000000E00
8.028983E01, 0.000000E00
8.029258E01, 0.000000E00
8.029534E01, 0.000000E00
8.029810E01, 0.000000E00
8.030087E01, 0.000000E00
8.030365E01, 0.000000E00
8.030643E01, 0.000000E00
8.030922E01, 0.000000E00
8.031201E01, 0.000000E00
8.031481E01, 0.000000E00
8.031762E01, 0.000000E00
8.032043E01, 0.000000E00
8.032326E01, 0.000000E00
8.032608E01, 0.000000E00
8.032892E01, 0.000000E00
8.033176E01, 0.000000E00
8.033461E01, 0.000000E00
8.033747E01, 0.000000E00
8.034033E01, 0.000000E00
8.034320E01, 0.000000E00
8.034608E01, 0.000000E00
8.034897E01, 0.000000E00
8.035187E01, 0.000000E00
8.035477E01, 0.000000E00
8.035768E01, 0.000000E00
8.036060E01, 0.000000E00
8.036352E01, 0.000000E00
8.036646E01, 0.000000E00
8.036940E01, 0.000000E00
8.037235E01, 0.000000E00
8.037531E01, 0.000000E00
8.037827E01, 0.000000E00
8.038125E01, 0.000000E00
8.038423E01, 0.000000E00
8.038723E01, 0.000000E00
8.039023E01, 0.000000E00
8.039324E01, 0.000000E00
8.039626E01, 0.000000E00
8.039929E01, 0.000000E00
8.040233E01, 0.000000E00
8.040537E01, 0.000000E00
8.040843E01, 0.000000E00
8.041150E01, 0.000000E00
8.041457E01, 0.000000E00
8.041766E01, 0.000000E00
8.042075E01, 0.000000E00
8.042386E01, 0.000000E00
8.042697E01, 0.000000E00
8.043010E01, 0.000000E00
8.043324E01, 0.000000E00
8.043638E01, 0.000000E00
8.043954E01, 0.000000E00
8.044270E01, 0.000000E00
8.044588E01, 0.000000E00
8.044907E01, 0.000000E00
8.045227E01, 0.000000E00
8.045548E01, 0.000000E00
8.045870E01, 0.000000E00
8.046193E01, 0.000000E00
8.046518E01, 0.000000E00
8.046843E01, 0.000000E00
8.047170E01, 0.000000E00
8.047498E01, 0.000000E00
8.047827E01, 0.000000E00
8.048157E01, 0.000000E00
8.048489E01, 0.000000E00
8.048821E01, 0.000000E00
8.049155E01, 0.000000E00
8.049490E01, 0.000000E00
8.049827E01, 0.000000E00
8.050164E01, 0.000000E00
8.050503E01, 0.000000E00
8.050844E01, 0.000000E00
8.051185E01, 0.000000E00
8.051528E01, 0.000000E00
8.051873E01, 0.000000E00
8.052218E01, 0.000000E00
8.052565E01, 0.000000E00
8.052914E01, 0.000000E00
8.053263E01, 0.000000E00
8.053615E01, 0.000000E00
8.053967E01, 0.000000E00
8.054321E01, 0.000000E00
8.054677E01, 0.000000E00
8.055034E01, 0.000000E00
8.055392E01, 0.000000E00
8.055753E01, 0.000000E00
8.056114E01, 0.000000E00
8.056477E01, 0.000000E00
8.056842E01, 0.000000E00
8.057208E01, 0.000000E00
8.057576E01, 0.000000E00
8.057945E01, 0.000000E00
8.058316E01, 0.000000E00
8.058689E01, 0.000000E00
8.059064E01, 0.000000E00
8.059440E01, 0.000000E00
8.059817E01, 0.000000E00
8.060197E01, 0.000000E00
8.060578E01, 0.000000E00
8.060961E01, 0.000000E00
8.061346E01, 0.000000E00
8.061732E01, 0.000000E00
8.062121E01, 0.000000E00
8.062511E01, 0.000000E00
8.062903E01, 0.000000E00
8.063297E01, 0.000000E00
8.063693E01, 0.000000E00
8.064091E01, 0.000000E00
8.064490E01, 0.000000E00
8.064892E01, 0.000000E00
8.065296E01, 0.000000E00
8.065701E01, 0.000000E00
8.066109E01, 0.000000E00
8.066519E01, 0.000000E00
8.066930E01, 0.000000E00
8.067344E01, 0.000000E00
8.067760E01, 0.000000E00
8.068178E01, 0.000000E00
8.068599E01, 0.000000E00
8.069021E01, 0.000000E00
8.069446E01, 0.000000E00
8.069873E01, 0.000000E00
8.070302E01, 0.000000E00
8.070734E01, 0.000000E00
8.071168E01, 0.000000E00
8.071604E01, 0.000000E00
8.072042E01, 0.000000E00
8.072483E01, 0.000000E00
8.072927E01, 0.000000E00
8.073373E01, 0.000000E00
8.073821E01, 0.000000E00
8.074272E01, 0.000000E00
8.074726E01, 0.000000E00
8.075182E01, 0.000000E00
8.075640E01, 0.000000E00
8.076101E01, 0.000000E00
8.076565E01, 0.000000E00
8.077032E01, 0.000000E00
8.077501E01, 0.000000E00
8.077974E01, 0.000000E00
8.078449E01, 0.000000E00
8.078926E01, 0.000000E00
8.079407E01, 0.000000E00
8.079891E01, 0.000000E00
8.080377E01, 0.000000E00
8.080867E01, 0.000000E00
8.081359E01, 0.000000E00
8.081855E01, 0.000000E00
8.082353E01, 0.000000E00
8.082855E01, 0.000000E00
8.083360E01, 0.000000E00
8.083868E01, 0.000000E00
8.084380E01, 0.000000E00
8.084894E01, 0.000000E00
8.085412E01, 0.000000E00
8.085934E01, 0.000000E00
8.086458E01, 0.000000E00
8.086987E01, 0.000000E00
8.087518E01, 0.000000E00
8.088054E01, 0.000000E00
8.088593E01, 0.000000E00
8.089135E01, 0.000000E00
8.089681E01, 0.000000E00
8.090231E01, 0.000000E00
8.090785E01, 0.000000E00
8.091342E01, 0.000000E00
8.091904E01, 0.000000E00
8.092469E01, 0.000000E00
8.093038E01, 0.000000E00
8.093612E01, 0.000000E00
8.094189E01, 0.000000E00
8.094771E01, 0.000000E00
8.095356E01, 0.000000E00
8.095946E01, 0.000000E00
8.096541E01, 0.000000E00
8.097140E01, 0.000000E00
8.097743E01, 0.000000E00
8.098350E01, 0.000000E00
8.098962E01, 0.000000E00
8.099579E01, 0.000000E00
8.100201E01, 0.000000E00
8.100827E01, 0.000000E00
8.101458E01, 0.000000E00
8.102094E01, 0.000000E00
8.102735E01, 0.000000E00
8.103381E01, 0.000000E00
8.104032E01, 0.000000E00
8.104688E01, 0.000000E00
8.105349E01, 0.000000E00
8.106016E01, 0.000000E00
8.106688E01, 0.000000E00
8.107365E01, 0.000000E00
8.108048E01, 0.000000E00
8.108737E01, 0.000000E00
8.109431E01, 0.000000E00
8.110131E01, 0.000000E00
8.110837E01, 0.000000E00
8.111549E01, 0.000000E00
8.112268E01, 0.000000E00
8.112992E01, 0.000000E00
8.113722E01, 0.000000E00
8.114459E01, 0.000000E00
8.115202E01, 0.000000E00
8.115952E01, 0.000000E00
8.116708E01, 0.000000E00
8.117471E01, 0.000000E00
8.118241E01, 0.000000E00
8.119018E01, 0.000000E00
8.119802E01, 0.000000E00
8.120593E01, 0.000000E00
8.121391E01, 0.000000E00
8.122197E01, 0.000000E00
8.123010E01, 0.000000E00
8.123831E01, 0.000000E00
8.124660E01, 0.000000E00
8.125496E01, 0.000000E00
8.126341E01, 0.000000E00
8.127193E01, 0.000000E00
8.128054E01, 0.000000E00
8.128924E01, 0.000000E00
8.129801E01, 0.000000E00
8.130688E01, 0.000000E00
8.131583E01, 0.000000E00
8.132488E01, 0.000000E00
8.133401E01, 0.000000E00
8.134324E01, 0.000000E00
8.135256E01, 0.000000E00
8.136198E01, 0.000000E00
8.137150E01, 0.000000E00
8.138112E01, 0.000000E00
8.139083E01, 0.000000E00
8.140065E01, 0.000000E00
8.141058E01, 0.000000E00
8.142061E01, 0.000000E00
8.143075E01, 0.000000E00
8.144100E01, 0.000000E00
8.145137E01, 0.000000E00
8.146185E01, 0.000000E00
8.147244E01, 0.000000E00
8.148316E01, 0.000000E00
8.149400E01, 0.000000E00
8.150496E01, 0.000000E00
8.151604E01, 0.000000E00
8.152726E01, 0.000000E00
8.153860E01, 0.000000E00
8.155008E01, 0.000000E00
8.156170E01, 0.000000E00
8.157345E01, 0.000000E00
8.158534E01, 0.000000E00
8.159738E01, 0.000000E00
8.160956E01, 0.000000E00
8.162190E01, 0.000000E00
8.163439E01, 0.000000E00
8.164703E01, 0.000000E00
8.165983E01, 0.000000E00
8.167280E01, 0.000000E00
8.168593E01, 0.000000E00
8.169922E01, 0.000000E00
8.171270E01, 0.000000E00
8.172634E01, 0.000000E00
8.174017E01, 0.000000E00
8.175418E01, 0.000000E00
8.176838E01, 0.000000E00
8.178277E01, 0.000000E00
8.179736E01, 0.000000E00
8.181215E01, 0.000000E00
8.182714E01, 0.000000E00
8.184234E01, 0.000000E00
8.185776E01, 0.000000E00
8.187340E01, 0.000000E00
8.188925E01, 0.000000E00
8.190534E01, 0.000000E00
8.192166E01, 0.000000E00
8.193823E01, 0.000000E00
8.195503E01, 0.000000E00
8.197209E01, 0.000000E00
8.198941E01, 0.000000E00
8.200699E01, 0.000000E00
8.202483E01, 0.000000E00
8.204296E01, 0.000000E00
8.206137E01, 0.000000E00
8.208007E01, 0.000000E00
8.209906E01, 0.000000E00
8.211837E01, 0.000000E00
8.213798E01, 0.000000E00
8.215791E01, 0.000000E00
8.217818E01, 0.000000E00
8.219878E01, 0.000000E00
8.221973E01, 0.000000E00
8.224103E01, 0.000000E00
8.226270E01, 0.000000E00
8.228475E01, 0.000000E00
8.230718E01, 0.000000E00
8.233001E01, 0.000000E00
8.235324E01, 0.000000E00
8.237690E01, 0.000000E00
8.240098E01, 0.000000E00
8.242551E01, 0.000000E00
8.245049E01, 0.000000E00
8.247594E01, 0.000000E00
8.250187E01, 0.000000E00
8.252830E01, 0.000000E00
8.255525E01, 0.000000E00
8.258272E01, 0.000000E00
8.261073E01, 0.000000E00
8.263931E01, 0.000000E00
8.266846E01, 0.000000E00
8.269821E01, 0.000000E00
8.272858E01, 0.000000E00
8.275958E01, 0.000000E00
8.279123E01, 0.000000E00
8.282357E01, 0.000000E00
8.285660E01, 0.000000E00
8.289036E01, 0.000000E00
8.292487E01, 0.000000E00
8.296015E01, 0.000000E00
8.299623E01, 0.000000E00
8.303315E01, 0.000000E00
8.307092E01, 0.000000E00
8.310958E01, 0.000000E00
8.314917E01, 0.000000E00
8.318972E01, 0.000000E00
8.323125E01, 0.000000E00
8.327382E01, 0.000000E00
8.331746E01, 0.000000E00
8.336222E01, 0.000000E00
8.340813E01, 0.000000E00
8.345524E01, 0.000000E00
8.350361E01, 0.000000E00
8.355327E01, 0.000000E00
8.360430E01, 0.000000E00
8.365674E01, 0.000000E00
8.371066E01, 0.000000E00
8.376611E01, 0.000000E00
8.382318E01, 0.000000E00
8.388192E01, 0.000000E00
8.394242E01, 0.000000E00
8.400476E01, 0.000000E00
8.406903E01, 0.000000E00
8.413531E01, 0.000000E00
8.420370E01, 0.000000E00
8.427431E01, 0.000000E00
8.434724E01, 0.000000E00
8.442263E01, 0.000000E00
8.450058E01, 0.000000E00
8.458125E01, 0.000000E00
8.466477E01, 0.000000E00
8.475130E01, 0.000000E00
8.484101E01, 0.000000E00
8.493407E01, 0.000000E00
8.503069E01, 0.000000E00
8.513107E01, 0.000000E00
8.523543E01, 0.000000E00
8.534402E01, 0.000000E00
8.545711E01, 0.000000E00
8.557499E01, 0.000000E00
8.569795E01, 0.000000E00
8.582635E01, 0.000000E00
8.596056E01, 0.000000E00
8.610098E01, 0.000000E00
8.624805E01, 0.000000E00
8.640227E01, 0.000000E00
8.656417E01, 0.000000E00
8.673434E01, 0.000000E00
8.691343E01, 0.000000E00
8.710218E01, 0.000000E00
8.730137E01, 0.000000E00
8.751193E01, 0.000000E00
8.773483E01, 0.000000E00
8.797122E01, 0.000000E00
8.822235E01, 0.000000E00
8.848966E01, 0.000000E00
8.877476E01, 0.000000E00
8.907951E01, 0.000000E00
8.940600E01, 0.000000E00
8.975666E01, 0.000000E00
9.013428E01, 0.000000E00
9.054211E01, 0.000000E00
9.098393E01, 0.000000E00
9.146417E01, 0.000000E00
9.198810E01, 0.000000E00
9.256197E01, 0.000000E00
9.319329E01, 0.000000E00
9.389114E01, 0.000000E00
9.466667E01, 0.000000E00
##END=
