-6.872540571748005277e+03 2.014123092902453201e-05 -5.309812127540198853e-18
-6.859264767127836421e+03 5.415642845992749810e-05 -4.527161902141076067e-18
-6.845988962507666656e+03 7.355627173235841469e-05 -8.323817245472402179e-18
-6.832713157887496891e+03 7.816092139869570098e-05 5.224596135770844564e-18
-6.819437353267327126e+03 8.074598003367485974e-05 -6.143643901906399340e-18
-6.806161548647158270e+03 8.324816472592127127e-05 -1.930686757964918997e-18
-6.792885744026988505e+03 8.601189531146823325e-05 -6.245763752633758404e-18
-6.779609939406818739e+03 8.886055184575008560e-05 -4.490024866469065558e-18
-6.766334134786649884e+03 9.160604077187088190e-05 -1.095286587691672091e-17
-6.753058330166479209e+03 9.418330802886658998e-05 -7.387643673646541735e-18
-6.739782525546310353e+03 9.702657348098332551e-05 -6.286133496283900286e-18
-6.726506720926140588e+03 1.001294240762957977e-04 -1.808908018040973499e-18
-6.713230916305970823e+03 1.030746159951131496e-04 -2.241335285731924683e-17
-6.699955111685801967e+03 1.059190074683320375e-04 7.198505786755754137e-18
-6.686679307065631292e+03 1.092192209902176608e-04 -1.668596699932729999e-17
-6.673403502445462436e+03 1.125224422830055799e-04 -6.931003448494980458e-18
-6.660127697825293581e+03 1.152628332695611888e-04 -1.646175244990401586e-17
-6.646851893205122906e+03 1.182455466622969493e-04 -1.164846332803375319e-17
-6.633576088584954050e+03 1.216070098401489489e-04 7.971200836781846336e-19
-6.620300283964784285e+03 1.247620249161469409e-04 2.347521540704208292e-17
-6.607024479344614520e+03 1.279831890346730307e-04 3.375779804591748112e-18
-6.593748674724445664e+03 1.315639828724367191e-04 1.199102336440292748e-17
-6.580472870104275898e+03 1.352899168442218253e-04 -1.104922190559225434e-17
-6.567197065484106133e+03 1.390274133641427560e-04 1.211245649684726936e-17
-6.553921260863936368e+03 1.426136950558834114e-04 1.645549909955430065e-17
-6.540645456243766603e+03 1.462896957365450576e-04 -1.007040096837300964e-17
-6.527369651623597747e+03 1.500684719359678988e-04 -1.275115788947309809e-18
-6.514093847003427982e+03 1.536304982650430265e-04 6.554367869221090474e-18
-6.500818042383258216e+03 1.568666814694999966e-04 8.616609712756139002e-18
-6.487542237763088451e+03 1.604831726834880887e-04 4.355004315730556284e-18
-6.474266433142919595e+03 1.645476113725607265e-04 -9.918695981103044889e-18
-6.460990628522748921e+03 1.683005019527265605e-04 -1.249396085942973266e-17
-6.447714823902580065e+03 1.715225732531760366e-04 6.602686497860648483e-18
-6.434439019282411209e+03 1.754448457757604044e-04 3.526082146789187655e-18
-6.421163214662240534e+03 1.801170598065809491e-04 7.706259440892358843e-18
-6.407887410042071679e+03 1.841715257352549815e-04 4.540345255391897224e-17
-6.394611605421901913e+03 1.880460064546525761e-04 -1.269871179774013647e-17
-6.381335800801732148e+03 1.924157872770231481e-04 1.771653791441530288e-17
-6.368059996181563292e+03 1.967957149654313027e-04 1.433919323292335442e-17
-6.354784191561393527e+03 2.008145084823399252e-04 8.199765650031494941e-17
-6.341508386941223762e+03 2.044716949774110838e-04 2.708428423423516678e-17
-6.328232582321053997e+03 2.085802147983012282e-04 1.208603381372155883e-17
-6.314956777700884231e+03 2.129546361283286230e-04 -2.426429172405396440e-17
-6.301680973080715376e+03 2.171613758803997256e-04 -1.682082163078415611e-18
-6.288405168460545610e+03 2.212587095110341549e-04 -3.021943094501702341e-17
-6.275129363840375845e+03 2.255966154988611608e-04 4.968151609740996873e-19
-6.261853559220206080e+03 2.300619936227386582e-04 -1.212627670285935492e-17
-6.248577754600037224e+03 2.345506245912796117e-04 -4.192996758696329047e-18
-6.235301949979867459e+03 2.392009199910524286e-04 9.523320619512044282e-18
-6.222026145359697693e+03 2.438123654691750676e-04 -1.888397372195854390e-17
-6.208750340739528838e+03 2.481173213767518264e-04 -2.936968647254204745e-17
-6.195474536119358163e+03 2.529627580251788896e-04 -1.749850178534671559e-17
-6.182198731499189307e+03 2.580859302753110685e-04 -3.539450484693897309e-18
-6.168922926879020451e+03 2.626337050680144615e-04 -5.582044358206616324e-17
-6.155647122258849777e+03 2.667473394321066751e-04 5.719879158086859446e-19
-6.142371317638680921e+03 2.718101172840049241e-04 5.326308593052773988e-17
-6.129095513018510246e+03 2.770245301545518329e-04 4.782195915444585988e-18
-6.115819708398341390e+03 2.812232793713316656e-04 1.664449824159928848e-17
-6.102543903778172535e+03 2.860289620086614993e-04 5.539650769725786298e-18
-6.089268099158001860e+03 2.916708208449403632e-04 -9.917028089613336084e-18
-6.075992294537833004e+03 2.967495072340302375e-04 -3.177718615612636277e-17
-6.062716489917663239e+03 3.017842634564117795e-04 1.568219637619897735e-17
-6.049440685297493474e+03 3.077157283751550754e-04 -2.946092097172961398e-17
-6.036164880677324618e+03 3.137738315262917710e-04 2.757871736144854066e-17
-6.022889076057154853e+03 3.190526238471098831e-04 -2.266394006543037041e-17
-6.009613271436985087e+03 3.241323687971554455e-04 -7.676666702633847472e-18
-5.996337466816815322e+03 3.297291901093485247e-04 1.646582503976810446e-17
-5.983061662196646466e+03 3.358133224354973743e-04 -6.394513485988168344e-18
-5.969785857576476701e+03 3.418621735805867133e-04 1.112238582546482298e-17
-5.956510052956306936e+03 3.471003064405270679e-04 -2.624905486011159962e-17
-5.943234248336137171e+03 3.524040255535231198e-04 2.681613346270501835e-17
-5.929958443715967405e+03 3.591457908033739068e-04 9.822023288749365758e-18
-5.916682639095798550e+03 3.660048250135153640e-04 3.664708613942294704e-17
-5.903406834475628784e+03 3.716048045480764236e-04 -1.328296979238489079e-17
-5.890131029855459019e+03 3.780146803749716701e-04 2.868948678643567452e-17
-5.876855225235290163e+03 3.854413413805559156e-04 -8.648867981064586976e-18
-5.863579420615119489e+03 3.917799352495105717e-04 1.701446125827960587e-17
-5.850303615994950633e+03 3.983840877045082061e-04 5.773772045745996441e-17
-5.837027811374781777e+03 4.064184144127789655e-04 -3.868401516427794043e-17
-5.823752006754611102e+03 4.148155297646667779e-04 3.798970906689275238e-17
-5.810476202134442246e+03 4.225642801720302716e-04 -4.028935863565107006e-17
-5.797200397514272481e+03 4.297851586016063143e-04 2.281488293217336732e-17
-5.783924592894102716e+03 4.382238372026295509e-04 -2.419518976790109870e-17
-5.770648788273933860e+03 4.476508613642817252e-04 4.708736627903780758e-17
-5.757372983653764095e+03 4.564451556935119952e-04 -2.897354809182412929e-17
-5.744097179033594330e+03 4.653389297605651240e-04 1.866242120485781623e-17
-5.730821374413424564e+03 4.749560483489546794e-04 -1.208219314297283988e-17
-5.717545569793254799e+03 4.844860930538967374e-04 4.390766346603190624e-17
-5.704269765173085943e+03 4.943478357248765791e-04 6.256121580994841750e-17
-5.690993960552916178e+03 5.052364967366343006e-04 -3.787700666907100525e-17
-5.677718155932746413e+03 5.153321941634934076e-04 5.816826510869418181e-17
-5.664442351312576648e+03 5.246502047782397073e-04 1.227843640817419091e-17
-5.651166546692407792e+03 5.356472555064231917e-04 4.265724506912281763e-17
-5.637890742072238027e+03 5.481642291516320960e-04 -1.911240051250448134e-17
-5.624614937452068261e+03 5.589541962721289361e-04 1.393249597042076137e-17
-5.611339132831899406e+03 5.686286257534191920e-04 -4.915920860168463370e-18
-5.598063328211728731e+03 5.803422177158688465e-04 2.163102889161178853e-17
-5.584787523591559875e+03 5.923735576017892740e-04 -5.049819543419099515e-17
-5.571511718971390110e+03 6.024023364673423064e-04 -3.399263754061686861e-17
-5.558235914351220345e+03 6.133630499146642146e-04 2.548005319786787036e-17
-5.544960109731051489e+03 6.257269281590504368e-04 -5.899491464213784860e-17
-5.531684305110880814e+03 6.370386316017880501e-04 -1.354538697525142635e-17
-5.518408500490711958e+03 6.480035625396561019e-04 -5.345677683991132366e-17
-5.505132695870542193e+03 6.604627506114014914e-04 3.124984365475951611e-17
-5.491856891250372428e+03 6.719090899356152096e-04 -2.866437655617307146e-17
-5.478581086630203572e+03 6.811822245706873613e-04 2.805638271220790192e-17
-5.465305282010033807e+03 6.917492234178003940e-04 -4.032618400255231837e-17
-5.452029477389864041e+03 7.038606980706977635e-04 2.416031185510004399e-17
-5.438753672769694276e+03 7.149878299600207843e-04 -8.505841629036453080e-17
-5.425477868149525420e+03 7.264944011867824174e-04 -4.531414029823152800e-18
-5.412202063529355655e+03 7.364932915260877320e-04 3.764393539037781559e-17
-5.398926258909185890e+03 7.458230342365395520e-04 -4.369409474974514081e-17
-5.385650454289017034e+03 7.584760948132111087e-04 3.959523916072577916e-17
-5.372374649668846359e+03 7.704754538449070343e-04 -6.098443378150091431e-17
-5.359098845048677504e+03 7.784853255460697950e-04 3.852273081632437342e-17
-5.345823040428507738e+03 7.885870513312819886e-04 -4.926670176708493710e-17
-5.332547235808337973e+03 8.009982149657206025e-04 3.238888769894522699e-17
-5.319271431188169117e+03 8.110933261012998616e-04 -3.719803808948696852e-17
-5.305995626567998443e+03 8.217704379010395271e-04 4.223222869459113450e-17
-5.292719821947829587e+03 8.339093151088154254e-04 -4.399186208374888274e-17
-5.279444017327660731e+03 8.447554768154391137e-04 2.124027130335510799e-17
-5.266168212707490056e+03 8.560778929929226729e-04 3.925145354371986221e-17
-5.252892408087321201e+03 8.685130865137206772e-04 -4.415223388800034851e-17
-5.239616603467151435e+03 8.820496204020163112e-04 7.388124751457801560e-17
-5.226340798846981670e+03 8.963708782461971870e-04 -2.848323307113619504e-17
-5.213064994226812814e+03 9.088401767806429188e-04 7.113587691835245365e-17
-5.199789189606643049e+03 9.223160300303753865e-04 -6.081734191333828803e-17
-5.186513384986473284e+03 9.391640831190009760e-04 4.642313232971875396e-17
-5.173237580366303519e+03 9.544622409395953121e-04 -5.153291329174219688e-17
-5.159961775746134663e+03 9.687232937014925984e-04 6.143925736405079705e-17
-5.146685971125964898e+03 9.861793092095802547e-04 -3.263129528147883445e-17
-5.133410166505795132e+03 1.004937224635003542e-03 8.898926670059022298e-18
-5.120134361885625367e+03 1.023465425287225670e-03 4.965862160758979570e-17
-5.106858557265455602e+03 1.043906123210996571e-03 -5.299239973596124009e-17
-5.093582752645286746e+03 1.064737149969247586e-03 1.015648895930777128e-16
-5.080306948025116981e+03 1.083292077377145512e-03 -2.189307713219133849e-17
-5.067031143404947215e+03 1.104153009822365439e-03 8.125083718249968046e-17
-5.053755338784778360e+03 1.131383295880081631e-03 -4.280866075240794514e-17
-5.040479534164607685e+03 1.156456089625789796e-03 9.135027678408949477e-17
-5.027203729544438829e+03 1.175693012369413010e-03 -5.650612902752011969e-17
-5.013927924924269973e+03 1.199354794595676931e-03 6.153886123479752181e-17
-5.000652120304099299e+03 1.228076117156887094e-03 -7.983639301072854553e-17
-4.987376315683930443e+03 1.254236570628907126e-03 2.661547922917209414e-18
-4.974100511063760678e+03 1.279150996170502373e-03 8.663371562463199505e-17
-4.960824706443590912e+03 1.305506804664297764e-03 -8.137002179144176972e-17
-4.947548901823422057e+03 1.331606478914053532e-03 5.061546662084916294e-17
-4.934273097203251382e+03 1.358235444036413496e-03 -5.957414112130648278e-17
-4.920997292583082526e+03 1.386992132172907687e-03 1.075077839866585800e-16
-4.907721487962912761e+03 1.413694441744632255e-03 -6.680457258456333601e-17
-4.894445683342742996e+03 1.438475963873170988e-03 6.811283825235138053e-17
-4.881169878722574140e+03 1.466497227228148173e-03 -6.673224283009592916e-17
-4.867894074102404375e+03 1.492894619896789100e-03 7.934332035463337373e-17
-4.854618269482234609e+03 1.517276219028242936e-03 -9.197425048226974963e-17
-4.841342464862064844e+03 1.546056627102398084e-03 -1.984302428584898956e-17
-4.828066660241895988e+03 1.573659381949320301e-03 1.085177350556470123e-16
-4.814790855621726223e+03 1.596349553222734495e-03 -8.248831784372631196e-17
-4.801515051001556458e+03 1.623536940672248938e-03 9.465911838092181597e-17
-4.788239246381387602e+03 1.651772708663306125e-03 -8.566458927377133006e-17
-4.774963441761216927e+03 1.671856895697288684e-03 7.507482712776218779e-17
-4.761687637141048071e+03 1.694205153284034831e-03 -1.110415458441667291e-16
-4.748411832520878306e+03 1.721821234996775193e-03 1.094935910137968268e-16
-4.735136027900708541e+03 1.747589307616221254e-03 -1.109075420637980045e-16
-4.721860223280539685e+03 1.771234039540095593e-03 1.044395143965040803e-16
-4.708584418660369010e+03 1.793088154304879611e-03 -1.226609050438603853e-16
-4.695308614040200155e+03 1.815901378552591374e-03 -7.176411263876295299e-18
-4.682032809420030389e+03 1.841268790197634828e-03 1.092693804988947657e-16
-4.668757004799860624e+03 1.862809706678798805e-03 -5.874860254809655188e-17
-4.655481200179691768e+03 1.883655371030811248e-03 1.069845101397302828e-16
-4.642205395559522003e+03 1.910972851986090550e-03 -9.481767307234909888e-17
-4.628929590939352238e+03 1.936317295520215403e-03 1.350599295695934052e-16
-4.615653786319182473e+03 1.959024026935290552e-03 -1.061292902137228340e-16
-4.602377981699013617e+03 1.986583015960268796e-03 1.136832911798535805e-16
-4.589102177078843852e+03 2.013812490348680737e-03 -1.126363568422926508e-16
-4.575826372458674086e+03 2.038336183450169085e-03 1.191754449120911922e-16
-4.562550567838505231e+03 2.068530200819927809e-03 -1.384797896627425100e-16
-4.549274763218334556e+03 2.101527638115723625e-03 1.447933338129904792e-18
-4.535998958598165700e+03 2.131370922250595823e-03 1.265828104996012306e-16
-4.522723153977995935e+03 2.159527654826441396e-03 -9.471789732073691608e-17
-4.509447349357826170e+03 2.193360529695616897e-03 1.318688734372982900e-16
-4.496171544737657314e+03 2.231404430852035239e-03 -1.009639156740724389e-16
-4.482895740117486639e+03 2.266537163934820038e-03 1.246940213966961317e-16
-4.469619935497317783e+03 2.306655444982028992e-03 -1.010511366679725052e-16
-4.456344130877148928e+03 2.348761879597806908e-03 1.493230963151036436e-16
-4.443068326256978253e+03 2.388496565760578512e-03 -7.133818196127592852e-17
-4.429792521636809397e+03 2.435022265572705114e-03 1.617789181511096053e-16
-4.416516717016639632e+03 2.486699902687669606e-03 -1.432904100888280625e-16
-4.403240912396469867e+03 2.533721613323609411e-03 5.328712109212961171e-17
-4.389965107776301011e+03 2.575630141870597929e-03 2.436691974920916706e-17
-4.376689303156131245e+03 2.625092681139773367e-03 -1.011687767774858691e-18
-4.363413498535961480e+03 2.682247225507425250e-03 -1.556340552494920327e-17
-4.350137693915791715e+03 2.737370417268264900e-03 -9.605393777645626367e-17
-4.336861889295621950e+03 2.790145155857845678e-03 7.789309690245745416e-17
-4.323586084675453094e+03 2.837566016676804168e-03 1.076348887821693587e-17
-4.310310280055283329e+03 2.885530256602952294e-03 9.762736197427388877e-18
-4.297034475435113563e+03 2.946023485421605560e-03 1.578535411185744428e-17
-4.283758670814943798e+03 3.008124805461286685e-03 4.012416499750602973e-17
-4.270482866194774942e+03 3.059367903294528922e-03 -1.923366590310750373e-17
-4.257207061574605177e+03 3.115160776520990368e-03 9.466110876476423215e-18
-4.243931256954435412e+03 3.176543371300401871e-03 -8.761570464700164115e-18
-4.230655452334266556e+03 3.233678682887236155e-03 3.142329500391324845e-17
-4.217379647714095881e+03 3.296135359161946228e-03 1.889672986554833250e-19
-4.204103843093927026e+03 3.358527054376489896e-03 -8.508737925793937392e-17
-4.190828038473758170e+03 3.417846758985174180e-03 1.037535323526698743e-16
-4.177552233853587495e+03 3.483815094219971150e-03 5.006235527957101817e-17
-4.164276429233418639e+03 3.551137474172992321e-03 -1.823689638628852911e-18
-4.151000624613248874e+03 3.616686303364565706e-03 2.551142731388667759e-17
-4.137724819993079109e+03 3.681106802079971846e-03 -2.500289580777341613e-17
-4.124449015372910253e+03 3.744522435380073701e-03 3.763262835832836556e-18
-4.111173210752739578e+03 3.817087117741705532e-03 7.980660054760203872e-18
-4.097897406132570723e+03 3.898879290940236372e-03 3.705657897773268451e-17
-4.084621601512400957e+03 3.967509364667002464e-03 3.153228345136315771e-17
-4.071345796892231647e+03 4.026179311006793625e-03 -3.168487814275397498e-17
-4.058069992272062336e+03 4.097115016593670146e-03 -1.505268778624853554e-16
-4.044794187651892116e+03 4.181343791121764145e-03 1.178729297425721009e-16
-4.031518383031723261e+03 4.268903889502718985e-03 2.657741827357866418e-18
-4.018242578411553040e+03 4.347807279515602912e-03 2.305554400388164749e-18
-4.004966773791383730e+03 4.413927761365366367e-03 -1.264449837811777843e-17
-3.991690969171214419e+03 4.477788299339916477e-03 -2.374004377515977548e-17
-3.978415164551044654e+03 4.561717669035643581e-03 -4.420565234833668514e-17
-3.965139359930875344e+03 4.668661030452245925e-03 -2.874845607878201701e-17
-3.951863555310705124e+03 4.757031721126818088e-03 -6.367811290194227679e-18
-3.938587750690536268e+03 4.812222329024191253e-03 -3.077896646943637720e-17
-3.925311946070366957e+03 4.881900034316725458e-03 -5.771656654114074646e-17
-3.912036141450196737e+03 4.986289726829871982e-03 -1.965210651312865380e-16
-3.898760336830027427e+03 5.100378663529026024e-03 1.187321606881060020e-16
-3.885484532209858116e+03 5.190554968711698532e-03 -5.738915162306165202e-18
-3.872208727589688351e+03 5.259418139220043559e-03 -2.217336874793461314e-17
-3.858932922969518586e+03 5.337126229271985274e-03 -2.588630805664518021e-17
-3.845657118349349275e+03 5.442576270643438401e-03 -2.978982696080669922e-17
-3.832381313729179510e+03 5.560700200149521107e-03 -1.716692926115458168e-17
-3.819105509109010200e+03 5.651466756266574493e-03 -1.810257121091099001e-17
-3.805829704488840889e+03 5.721988560762698330e-03 2.038811505126068136e-17
-3.792553899868671124e+03 5.821102523881326214e-03 -3.574760224123922667e-18
-3.779278095248501359e+03 5.937361356414644700e-03 -1.988855214669097466e-19
-3.766002290628331593e+03 6.033429557336436426e-03 -2.225351686640319061e-16
-3.752726486008162738e+03 6.124479886601788027e-03 2.222997895135867601e-16
-3.739450681387992972e+03 6.214461998892790648e-03 1.184658126835787343e-17
-3.726174876767823207e+03 6.298801990772699699e-03 -2.030829166226116814e-17
-3.712899072147653897e+03 6.401498677565306203e-03 -2.303265134350943185e-17
-3.699623267527484131e+03 6.503947142018645482e-03 -1.599402373498918351e-17
-3.686347462907314821e+03 6.581910802164837003e-03 2.510565954903083387e-17
-3.673071658287145056e+03 6.667937093476733815e-03 -6.174241399798960631e-19
-3.659795853666975745e+03 6.765252846477337254e-03 2.744468375701957387e-17
-3.646520049046805980e+03 6.859576944136589263e-03 2.108271643958185042e-17
-3.633244244426636214e+03 6.958803540540428774e-03 -1.119793417250553116e-17
-3.619968439806467359e+03 7.049381817872219999e-03 -1.846380704337715682e-16
-3.606692635186297593e+03 7.138622339506547725e-03 2.567982924830271286e-16
-3.593416830566127828e+03 7.252818706132164311e-03 -4.221405825297594249e-19
-3.580141025945958063e+03 7.360764684044009479e-03 1.873277159218044312e-17
-3.566865221325788752e+03 7.457204961304072198e-03 -2.109610915940667620e-17
-3.553589416705618987e+03 7.574738535786351180e-03 4.253603134255764450e-17
-3.540313612085449677e+03 7.701088009247030255e-03 -2.135229282487443091e-17
-3.527037807465280366e+03 7.825604511382765888e-03 -5.614401752768591419e-17
-3.513762002845110601e+03 7.955856827928205893e-03 5.616645533177127676e-18
-3.500486198224940836e+03 8.094971446532419831e-03 -3.705722482460364833e-17
-3.487210393604771525e+03 8.248755989747344822e-03 -6.854674136143542293e-17
-3.473934588984602215e+03 8.412671338480030500e-03 -2.857222764450215232e-16
-3.460658784364432449e+03 8.584597452485619520e-03 2.718322147264018049e-16
-3.447382979744262684e+03 8.763948892140731653e-03 -3.040199038342485455e-17
-3.434107175124093374e+03 8.958781148551786186e-03 2.227916124240664227e-17
-3.420831370503923608e+03 9.172881210616762662e-03 -1.078637367720666432e-17
-3.407555565883754298e+03 9.395808763983165210e-03 -4.257254049755296274e-17
-3.394279761263584987e+03 9.618288705910487194e-03 -2.069707785668178045e-17
-3.381003956643415222e+03 9.856495844001226386e-03 -6.542446391141586557e-18
-3.367728152023245457e+03 1.010491670501190327e-02 -1.037033597009313519e-18
-3.354452347403075692e+03 1.035397994739554323e-02 -1.969350990678834311e-18
-3.341176542782906836e+03 1.062207320590786812e-02 -5.566081321434237057e-17
-3.327900738162737071e+03 1.089551387008776129e-02 -3.630349590708796245e-16
-3.314624933542567305e+03 1.116080567463651960e-02 3.078513445008953152e-16
-3.301349128922397995e+03 1.143332920603007570e-02 2.241345607707234686e-17
-3.288073324302228229e+03 1.172001548517218918e-02 -7.631210382632952657e-18
-3.274797519682058919e+03 1.200837184719837428e-02 -1.449965591954493897e-17
-3.261521715061889154e+03 1.229486434236588474e-02 3.183256912789471147e-17
-3.248245910441719843e+03 1.258426484253296652e-02 7.206709067196363463e-18
-3.234970105821550078e+03 1.285688563677688488e-02 1.761652479042803523e-17
-3.221694301201380313e+03 1.313119253374337748e-02 -7.569041838218450202e-18
-3.208418496581211457e+03 1.344127692547364590e-02 -1.552301291346705351e-17
-3.195142691961041692e+03 1.372856219783398501e-02 -7.191859993059225693e-17
-3.181866887340871926e+03 1.397156144505058706e-02 -4.700575760059519088e-16
-3.168591082720702161e+03 1.424459514145127483e-02 4.179678241601691279e-16
-3.155315278100532851e+03 1.451978142325816012e-02 6.597964204239349069e-17
-3.142039473480363540e+03 1.474538914497828743e-02 -1.575564411093414533e-18
-3.128763668860193775e+03 1.497933960325952343e-02 -1.171828610769066333e-17
-3.115487864240024464e+03 1.522021352288171689e-02 3.793765177376082446e-18
-3.102212059619854699e+03 1.543477043414686646e-02 -1.579290373810962076e-17
-3.088936254999684934e+03 1.564955640452445063e-02 -2.468047674299973069e-17
-3.075660450379515169e+03 1.583952270731700529e-02 3.914693274697214838e-20
-3.062384645759346313e+03 1.600384262130037302e-02 -5.613736564825600614e-17
-3.049108841139176548e+03 1.618993509877669074e-02 -5.099306025874194701e-16
-3.035833036519006782e+03 1.634665949666420579e-02 4.944009358066600097e-16
-3.022557231898837472e+03 1.649176096074572023e-02 6.773898325120093514e-17
-3.009281427278667707e+03 1.666048387057895985e-02 3.428674087810011723e-17
-2.996005622658498396e+03 1.676805839768455778e-02 7.725127259324879785e-18
-2.982729818038328631e+03 1.685142791710666013e-02 -4.109731522946481354e-18
-2.969454013418159320e+03 1.697886082335281488e-02 -1.995212742417023549e-17
-2.956178208797989555e+03 1.710131316538701651e-02 -2.647621105408794306e-17
-2.942902404177819790e+03 1.721810114929685567e-02 -9.586755961153501914e-18
-2.929626599557650934e+03 1.732177103391799311e-02 -2.269624919456191441e-17
-2.916350794937481169e+03 1.739505238023114977e-02 -8.480784518334670403e-17
-2.903074990317311403e+03 1.750112234291818780e-02 -5.560123341346922707e-16
-2.889799185697142093e+03 1.766523229327793612e-02 5.167483714963895244e-16
-2.876523381076972328e+03 1.787805865554784740e-02 5.324150321451480560e-17
-2.863247576456803017e+03 1.805979255052387114e-02 -1.845323955290524755e-17
-2.849971771836633252e+03 1.819695313760593541e-02 -1.119044121701283414e-17
-2.836695967216463941e+03 1.844038857739729864e-02 1.846225592578270020e-17
-2.823420162596294176e+03 1.877903468921452226e-02 -8.286924932740926037e-18
-2.810144357976124411e+03 1.914029794305814949e-02 -2.829897046462366515e-17
-2.796868553355955555e+03 1.951245570024637277e-02 -1.268370893204290093e-17
-2.783592748735785790e+03 1.988878819124812250e-02 1.003077883751336129e-17
-2.770316944115616025e+03 2.033538936258654645e-02 -8.706833507737968106e-17
-2.757041139495446259e+03 2.088888903902630031e-02 -6.523245384437154733e-16
-2.743765334875276949e+03 2.150826982923293926e-02 6.986775647794424683e-16
-2.730489530255107638e+03 2.208186569877288938e-02 1.142628684234711029e-16
-2.717213725634937873e+03 2.263376226087445570e-02 2.258980170233947089e-17
-2.703937921014768563e+03 2.326826907816294948e-02 2.981969194529705622e-17
-2.690662116394598797e+03 2.393645787842982667e-02 -5.980019425396380600e-18
-2.677386311774429032e+03 2.460031746003227965e-02 -2.451789124364374360e-17
-2.664110507154259722e+03 2.528199575607269906e-02 -3.252656282353208849e-17
-2.650834702534090411e+03 2.592464874215857917e-02 -1.841746896560003210e-17
-2.637558897913920646e+03 2.654902988876174999e-02 7.277513705208173327e-18
-2.624283093293750881e+03 2.724999626633741248e-02 -8.009836071379761925e-17
-2.611007288673581570e+03 2.795062016872102220e-02 -9.173435711492344387e-16
-2.597731484053411805e+03 2.857570239749646426e-02 8.678584631122965251e-16
-2.584455679433242494e+03 2.921020237565766231e-02 8.570256729823454851e-17
-2.571179874813072729e+03 2.986274532165352630e-02 9.097787058827249380e-18
-2.557904070192903419e+03 3.048672650618981794e-02 3.192442472745152038e-18
-2.544628265572733653e+03 3.110738009720006442e-02 9.272840685467827041e-18
-2.531352460952563888e+03 3.169141999214823702e-02 -2.745830681441702709e-18
-2.518076656332395032e+03 3.223950840223921421e-02 6.552726022254853342e-18
-2.504800851712225267e+03 3.281301878426177293e-02 -3.871485545821710521e-18
-2.491525047092055502e+03 3.332003046848513311e-02 2.566124599242635535e-17
-2.478249242471885736e+03 3.377097578212023832e-02 -1.469954920024008099e-16
-2.464973437851716426e+03 3.424742725783335578e-02 -1.094353519958679348e-15
-2.451697633231547115e+03 3.466233827871852829e-02 1.074137636941971991e-15
-2.438421828611377350e+03 3.499303020542584436e-02 1.338875156843992500e-16
-2.425146023991208040e+03 3.528245160259996238e-02 -8.035741987235332909e-18
-2.411870219371038274e+03 3.552395309638527870e-02 8.641383717408816389e-18
-2.398594414750868509e+03 3.572342216740562182e-02 1.986791096478719174e-17
-2.385318610130699199e+03 3.585869252934956175e-02 2.486580770750644763e-17
-2.372042805510529888e+03 3.592474930646923081e-02 4.890194619770024098e-18
-2.358767000890360123e+03 3.595245352479074091e-02 5.008688260100047449e-18
-2.345491196270190358e+03 3.592996539933222128e-02 7.461748535445954413e-18
-2.332215391650021047e+03 3.584404521707516139e-02 -1.480040465562846143e-16
-2.318939587029851737e+03 3.571017960700548222e-02 -1.107777194519124532e-15
-2.305663782409681971e+03 3.554055008631750584e-02 1.083130181707120714e-15
-2.292387977789512661e+03 3.538591856559288734e-02 1.451221573451669032e-16
-2.279112173169342896e+03 3.519821054404728700e-02 2.156276773867499470e-17
-2.265836368549173130e+03 3.500933728893801389e-02 4.038869916315483667e-18
-2.252560563929003820e+03 3.489730602840206142e-02 1.306107981724560743e-17
-2.239284759308834509e+03 3.481074796729132642e-02 -1.731710008571271262e-17
-2.226008954688664744e+03 3.480746636324343751e-02 -4.874779924507248775e-17
-2.212733150068494979e+03 3.497229765552180292e-02 -5.432295200662571585e-16
-2.199457345448325668e+03 3.526102488448654149e-02 5.688979091952907967e-16
-2.186181540828155903e+03 3.565618212240676682e-02 9.183926242800503011e-17
-2.172905736207986592e+03 3.623303758700777838e-02 3.562608184961459365e-17
-2.159629931587816827e+03 3.696175087258298658e-02 -5.784174040158884905e-17
-2.146354126967647517e+03 3.774703293246037955e-02 -5.574990204690976814e-16
-2.133078322347477751e+03 3.859869618170232858e-02 6.152219430078632386e-16
-2.119802517727307986e+03 3.952991616941500808e-02 7.267839466325358136e-17
-2.106526713107139130e+03 4.039614154394384482e-02 1.964838862927669898e-17
-2.093250908486969365e+03 4.120802562353292897e-02 -2.028978232895626474e-17
-2.079975103866799600e+03 4.216332429135393606e-02 -7.364158817911891201e-17
-2.066699299246629835e+03 4.307221284677070078e-02 -7.078311402244294465e-16
-2.053423494626460524e+03 4.392072343440809462e-02 6.749493748036327661e-16
-2.040147690006291214e+03 4.491513000438712017e-02 1.023559097282821343e-16
-2.026871885386121676e+03 4.585378498348634951e-02 4.145911322362486556e-18
-2.013596080765951911e+03 4.670879642800158937e-02 -6.728525550127831816e-17
-2.000320276145782373e+03 4.771610812173237431e-02 -7.404275592304939242e-16
-1.987044471525612607e+03 4.869877295759147268e-02 7.756463961839723913e-16
-1.973768666905443524e+03 4.962443052947114464e-02 1.202282759979761212e-16
-1.960492862285273986e+03 5.069626219184218685e-02 3.713103474120661241e-18
-1.947217057665104221e+03 5.168373388971408966e-02 -2.157282166847480872e-17
-1.933941253044934683e+03 5.261561979270897721e-02 -6.274985668259308816e-17
-1.920665448424765145e+03 5.369182060090060132e-02 -8.165752640122517918e-16
-1.907389643804595607e+03 5.477167942898510111e-02 8.726446911800713851e-16
-1.894113839184426070e+03 5.583903550606347799e-02 1.340045456628668797e-16
-1.880838034564256532e+03 5.692558348825236397e-02 1.775275697292610366e-17
-1.867562229944086994e+03 5.800693044152811784e-02 -1.279062288580017932e-16
-1.854286425323917456e+03 5.916869799629477511e-02 -9.073324113517970305e-16
-1.841010620703747918e+03 6.031660863368618064e-02 9.054985643679203517e-16
-1.827734816083578153e+03 6.143474797638127927e-02 1.247472010451012110e-16
-1.814459011463408842e+03 6.265522363839727549e-02 2.621727561300657295e-17
-1.801183206843239077e+03 6.387866263412864121e-02 -3.672913237970218636e-18
-1.787907402223069766e+03 6.505741185668785509e-02 -1.272738928531817388e-16
-1.774631597602900229e+03 6.616043708896796050e-02 -9.837767216974158554e-16
-1.761355792982730463e+03 6.723058379863493250e-02 1.105414990529817166e-15
-1.748079988362561153e+03 6.848076042728087898e-02 1.711142513107236849e-16
-1.734804183742391388e+03 6.965617154668621303e-02 4.060816686177261370e-17
-1.721528379122222077e+03 7.056417879851230313e-02 -6.594897875649486759e-17
-1.708252574502052539e+03 7.142995474115665377e-02 -1.059941350061046964e-15
-1.694976769881882774e+03 7.227797512003437952e-02 1.105685519449045191e-15
-1.681700965261713463e+03 7.304270634160919817e-02 1.329435419316896647e-16
-1.668425160641543698e+03 7.376624021006397691e-02 3.186457589608503398e-17
-1.655149356021374388e+03 7.443557144762762146e-02 2.954456566787492835e-17
-1.641873551401204622e+03 7.498369860584880309e-02 -1.426433438947335932e-16
-1.628597746781035084e+03 7.569156396893650385e-02 -1.166912044837062446e-15
-1.615321942160865774e+03 7.691435070622805459e-02 1.177736201121105628e-15
-1.602046137540696009e+03 7.852391304592798438e-02 1.705880130992440513e-16
-1.588770332920526471e+03 8.027597287352471189e-02 2.965499918275486689e-17
-1.575494528300356933e+03 8.228148470231268219e-02 -1.198948132650677588e-16
-1.562218723680187395e+03 8.423113796041617474e-02 -1.257328915119147046e-15
-1.548942919060017857e+03 8.602529470960670888e-02 1.334240014180622168e-15
-1.535667114439848319e+03 8.804397113562287269e-02 1.934741730797544925e-16
-1.522391309819678781e+03 8.997004828039220636e-02 3.555565398077895759e-17
-1.509115505199509244e+03 9.172373808707491583e-02 -1.329568305825518618e-16
-1.495839700579339706e+03 9.360543825360363723e-02 -1.436322343065907129e-15
-1.482563895959170168e+03 9.548645276883040156e-02 1.462640626835614368e-15
-1.469288091339000630e+03 9.721318747429803786e-02 2.080884084482408694e-16
-1.456012286718831092e+03 9.901828810924483137e-02 4.723580447380931676e-17
-1.442736482098661554e+03 1.006905838382269602e-01 4.198728238071185131e-17
-1.429460677478492016e+03 1.021845937705782859e-01 -1.804499327232653273e-16
-1.416184872858322478e+03 1.038243316986402903e-01 -1.583749327257439738e-15
-1.402909068238152940e+03 1.052656140722657285e-01 1.650357029514584305e-15
-1.389633263617983175e+03 1.065428290111459092e-01 2.007609243013452539e-16
-1.376357458997813865e+03 1.079462405062621838e-01 -2.762755680993364715e-17
-1.363081654377644327e+03 1.091756662054237520e-01 -1.972157742575858930e-16
-1.349805849757474562e+03 1.102128874921865925e-01 -1.704611301690939390e-15
-1.336530045137305251e+03 1.111331869624608421e-01 1.720987464707887221e-15
-1.323254240517135486e+03 1.119009767543630990e-01 2.146683408936070874e-16
-1.309978435896966175e+03 1.126930357703187779e-01 3.050300589473746874e-17
-1.296702631276796410e+03 1.132467941728895616e-01 5.383413033100467996e-18
-1.283426826656626872e+03 1.136272947954705820e-01 -1.916898731211682689e-16
-1.270151022036457562e+03 1.141406647901327676e-01 -1.769658013555090425e-15
-1.256875217416287796e+03 1.144982809692612347e-01 1.759651097142148935e-15
-1.243599412796118486e+03 1.147580316416070417e-01 2.317188110736120954e-16
-1.230323608175948721e+03 1.150085015489041018e-01 1.677359880431532444e-17
-1.217047803555779183e+03 1.152455730424953168e-01 -2.104870662578119715e-16
-1.203771998935609872e+03 1.157673751504038062e-01 -1.790084503754366609e-15
-1.190496194315440107e+03 1.164153422429322904e-01 1.810470522038412159e-15
-1.177220389695270569e+03 1.171873043288403082e-01 2.092452760097892271e-16
-1.163944585075101031e+03 1.182059161186343743e-01 -8.219952357606038244e-17
-1.150668780454931493e+03 1.195593044141772393e-01 -9.050036968240022510e-16
-1.137392975834761955e+03 1.215825107540857986e-01 9.809047146925978294e-16
-1.124117171214592418e+03 1.242677486518873192e-01 2.928961061379668347e-17
-1.110841366594422880e+03 1.275379164351580774e-01 -9.609233957058502781e-16
-1.097565561974253342e+03 1.313327889971979134e-01 9.661441981961529761e-16
-1.084289757354083804e+03 1.357675655319082186e-01 2.308676659035435130e-17
-1.071013952733914266e+03 1.407860780657370081e-01 -1.118708970547702554e-15
-1.057738148113744728e+03 1.462350494382932686e-01 9.497305607302505616e-16
-1.044462343493574963e+03 1.519930151254577644e-01 -1.090054363979538640e-15
-1.031186538873405652e+03 1.579096622493307844e-01 1.214952846654073914e-15
-1.017910734253236001e+03 1.639283250609281928e-01 2.321785805386999158e-17
-1.004634929633066577e+03 1.701206996145961658e-01 -1.329589152403212418e-15
-9.913591250128970387e+02 1.765572609103366053e-01 1.364879298770646986e-15
-9.780833203927273871e+02 1.829598663634688926e-01 3.568896616963160446e-17
-9.648075157725578492e+02 1.895267376618005040e-01 -1.490168604822035316e-15
-9.515317111523883113e+02 1.963953007030256048e-01 1.487834230417604412e-15
-9.382559065322187735e+02 2.032370313199141354e-01 5.074638115741421526e-17
-9.249801019120492356e+02 2.100302741415829566e-01 -1.577819007467421671e-15
-9.117042972918796977e+02 2.170611199058269936e-01 1.485442032402944040e-15
-8.984284926717101598e+02 2.240830936724049760e-01 -1.509760199892562930e-15
-8.851526880515407356e+02 2.310251384059403001e-01 1.794456686414510216e-15
-8.718768834313711977e+02 2.381616889781466295e-01 5.371192592450201275e-17
-8.586010788112016598e+02 2.449429179776819177e-01 -1.840436516346713184e-15
-8.453252741910320083e+02 2.517343797290342300e-01 1.936659333185419862e-15
-8.320494695708624704e+02 2.586402496208006774e-01 4.941593921416837111e-17
-8.187736649506930462e+02 2.651998031487445839e-01 -2.019015507039804816e-15
-8.054978603305235083e+02 2.715121336255719720e-01 1.845084060468636286e-15
-7.922220557103538567e+02 2.771654047224510475e-01 -1.883182247767083408e-15
-7.789462510901843189e+02 2.823569007132392117e-01 2.211116806042942854e-15
-7.656704464700147810e+02 2.876830646897864385e-01 5.360111374844208714e-17
-7.523946418498452431e+02 2.920434236189194954e-01 -2.238003223612624302e-15
-7.391188372296757052e+02 2.953033515837278355e-01 2.243670548232303060e-15
-7.258430326095061673e+02 2.983043043464051469e-01 3.791258161340550223e-17
-7.125672279893366294e+02 3.004068600156830637e-01 -2.271278050498686760e-15
-6.992914233691670916e+02 3.014512177987373476e-01 2.312847513550781419e-15
-6.860156187489975537e+02 3.008985075609456050e-01 2.920305985714443366e-19
-6.727398141288279021e+02 2.989015131831896932e-01 -2.296295374439400637e-15
-6.594640095086583642e+02 2.967461884474732470e-01 2.058159670414444998e-15
-6.461882048884889400e+02 2.932517411398309903e-01 -1.991385062706897215e-15
-6.329124002683194021e+02 2.878303571393704408e-01 2.133475189369699138e-15
-6.196365956481498642e+02 2.809015580688603020e-01 -8.461885438523330246e-16
-6.063607910279802127e+02 2.728980186518116247e-01 9.290091313452307378e-16
-5.930849864078106748e+02 2.646626550422735979e-01 -1.067721390800167914e-15
-5.798091817876411369e+02 2.563439888738502925e-01 -7.283677618631723612e-17
-5.665333771674717127e+02 2.484930211216260232e-01 1.356470983508389705e-16
-5.532575725473020611e+02 2.419726432984384001e-01 9.509751432758040837e-16
-5.399817679271325233e+02 2.391328280516499538e-01 -9.191018179361536548e-16
-5.267059633069629854e+02 2.424044285144940081e-01 -4.087093538118957346e-17
-5.134301586867934475e+02 2.520015345692485642e-01 9.879353105493164799e-16
-5.001543540666239664e+02 2.652136588114690774e-01 -9.911903246469066282e-16
-4.868785494464543717e+02 2.803028428616552437e-01 -1.270696899108612998e-16
-4.736027448262847770e+02 2.960690552662414432e-01 1.134325724866280005e-16
-4.603269402061152960e+02 3.123709438086882950e-01 1.261281483251770426e-15
-4.470511355859457012e+02 3.299782173810268393e-01 -1.190125429510599676e-15
-4.337753309657761633e+02 3.478151647967188675e-01 -1.378548519223505877e-16
-4.204995263456066255e+02 3.666055176825112616e-01 1.563804351455565807e-16
-4.072237217254370876e+02 3.859518902411088748e-01 1.549095145006787708e-15
-3.939479171052674928e+02 4.063184492532604386e-01 -1.494387049020050902e-15
-3.806721124850979550e+02 4.276186384770046534e-01 -2.105652385046735348e-16
-3.673963078649284739e+02 4.500512434934146877e-01 5.158014903561954839e-17
-3.541205032447588792e+02 4.731462526004025504e-01 1.055978992744438646e-15
-3.408446986245893413e+02 4.968919624060031404e-01 4.472098942287391290e-17
-3.275688940044198034e+02 5.219343724885326941e-01 -9.774919572051919083e-16
-3.142930893842502655e+02 5.465213116938808513e-01 1.058702642428909969e-15
-3.010172847640806708e+02 5.725108122799422716e-01 8.208580033957748840e-17
-2.877414801439111898e+02 5.995419429902217878e-01 -1.070020963636596911e-15
-2.744656755237415950e+02 6.288899011104802650e-01 1.134001124286913801e-15
-2.611898709035720572e+02 6.577680065674998966e-01 -1.077398782105040356e-15
-2.479140662834025477e+02 6.848720161346307789e-01 1.192720534056061549e-15
-2.346382616632329814e+02 7.154836190946469721e-01 -1.278913578944918512e-15
-2.213624570430634151e+02 7.458694890276593714e-01 6.857884411105097016e-16
-2.080866524228938772e+02 7.746764268505101914e-01 1.864395751385426423e-16
-1.948108478027243393e+02 8.066548529131672973e-01 8.592263985279936548e-16
-1.815350431825548014e+02 8.378684115506795926e-01 -7.513033329942649339e-16
-1.682592385623852635e+02 8.652729021589945502e-01 -6.263511285746488479e-17
-1.549834339422157257e+02 8.928137598086486326e-01 -3.899255182696194794e-16
-1.417076293220461594e+02 9.218383531613821846e-01 9.388164772716566988e-16
-1.284318247018766215e+02 9.477821175649606689e-01 -3.715216125433200262e-16
-1.151560200817070694e+02 9.691373114239519859e-01 -3.668568393721478601e-18
-1.018802154615375173e+02 9.861252957892757687e-01 6.809639391857608291e-17
-8.860441084136797940e+01 9.970920262556061120e-01 2.330669470483782877e-17
-7.532860622119844152e+01 1.000000000000000000e+00 -3.014143845549158975e-34
-6.205280160102888942e+01 9.924583945806593199e-01 2.917254191052813772e-17
-4.877699698085935154e+01 9.698790629141514907e-01 4.482774269369680725e-17
-3.550119236068979944e+01 9.264468190379451240e-01 6.902998413901576066e-17
-2.222538774052025445e+01 8.528506836295807192e-01 3.210432716837345983e-16
-8.949583120350709464e+00 7.306827115509790804e-01 -6.586477136647403879e-16
4.326221499818835525e+00 5.359502217660183643e-01 3.359487143508180121e-16
1.760202611998838051e+01 3.062961021796221650e-01 3.794788677507886313e-17
3.087783074015792906e+01 1.538801184619692786e-01 8.056650391919961672e-17
4.415363536032747049e+01 1.042077811808212462e-01 -1.216903958112199983e-16
5.742943998049701548e+01 9.955762472555677867e-02 -1.988934480053451922e-17
7.070524460066656047e+01 1.034857100752042819e-01 -1.051717808848478027e-16
8.398104922083611257e+01 1.081180417860761606e-01 1.804994241010277246e-16
9.725685384100565045e+01 1.131647277480957448e-01 -1.994030014630939835e-16
1.105326584611752025e+02 1.182283249482553728e-01 2.034765826073118838e-16
1.238084630813447404e+02 1.233801052842645740e-01 -2.234171496784085360e-16
1.370842677015143067e+02 1.288349050655447636e-01 2.309473685405512334e-16
1.503600723216838446e+02 1.343656263150301289e-01 6.347214311108601569e-18
1.636358769418533825e+02 1.398772421827025325e-01 -2.335603457270946048e-16
1.769116815620229488e+02 1.456970367531984223e-01 3.311575148209909387e-16
1.901874861821924583e+02 1.515245189873155596e-01 4.217435241054858638e-18
2.034632908023619962e+02 1.572777324710367686e-01 -3.274437562786498168e-16
2.167390954225315625e+02 1.632875144844309068e-01 -3.170077763961878858e-17
2.300149000427011003e+02 1.691326689082366663e-01 7.800509363365153895e-17
2.432907046628706667e+02 1.748629664315119459e-01 6.931308791786236517e-16
2.565665092830401477e+02 1.807387019118864568e-01 -6.690029864948020565e-16
2.698423139032097424e+02 1.864461783672882733e-01 -7.722283806210316580e-17
2.831181185233792803e+02 1.918407735751334608e-01 5.768769248757624486e-17
2.963939231435488182e+02 1.967805007796377681e-01 7.345305275688132537e-16
3.096697277637183561e+02 2.014510095872205642e-01 -7.785836424191773122e-16
3.229455323838879508e+02 2.058428510652260124e-01 -8.506648014530184325e-17
3.362213370040574887e+02 2.093473402452492027e-01 1.066044075435426488e-16
3.494971416242270266e+02 2.120596557306383412e-01 8.153917902154556585e-16
3.627729462443965645e+02 2.142021354504125841e-01 -8.213675288450348862e-16
3.760487508645661023e+02 2.152884375728738586e-01 5.399489956252450385e-18
3.893245554847356402e+02 2.152077907960225356e-01 8.345535946246377611e-16
4.026003601049051781e+02 2.136923757917542910e-01 -8.803250560654215873e-16
4.158761647250747728e+02 2.105350375871696267e-01 -9.877287087819833195e-17
4.291519693452442539e+02 2.060361539836652045e-01 1.054636797862487774e-16
4.424277739654138486e+02 1.999228932471631692e-01 7.719668437299386513e-16
4.557035785855833865e+02 1.918613982341353386e-01 -7.158200057688289293e-16
4.689793832057529244e+02 1.818016129471130837e-01 5.036923589547979304e-16
4.822551878259224623e+02 1.699009837839432491e-01 -1.243034733209876741e-15
4.955309924460920001e+02 1.565314681253496820e-01 1.099541166170220231e-15
5.088067970662615380e+02 1.420089256436337932e-01 -9.494128066271631421e-16
5.220826016864311896e+02 1.270409671972199950e-01 1.007389480108243432e-15
5.353584063066006138e+02 1.128112635761198412e-01 -6.512167401027038765e-17
5.486342109267701517e+02 1.014304961982772924e-01 -8.091530324658165765e-16
5.619100155469396896e+02 9.509168762763035854e-02 6.900577269874797621e-16
5.751858201671093411e+02 9.383483840996521830e-02 -1.319903520280257892e-17
5.884616247872788790e+02 9.522444363011202395e-02 -7.492306166647578558e-16
6.017374294074484169e+02 9.732091545220676598e-02 7.368183079992470114e-16
6.150132340276178411e+02 9.941684529563406258e-02 -5.826890972554673938e-18
6.282890386477873790e+02 1.014335910099969096e-01 -7.485789029562118970e-16
6.415648432679570305e+02 1.034225837447046298e-01 7.421933828905333011e-16
6.548406478881265684e+02 1.053078521162698344e-01 -7.076016003005089772e-16
6.681164525082961063e+02 1.071092516168972858e-01 8.286135110631016222e-16
6.813922571284656442e+02 1.086763026041064895e-01 -2.481695210018183216e-18
6.946680617486352958e+02 1.101439829759452149e-01 -8.548100381278250818e-16
7.079438663688047200e+02 1.114771171104358277e-01 8.089549141447645977e-16
7.212196709889742579e+02 1.124792202781129680e-01 -1.908933478673685809e-17
7.344954756091437957e+02 1.133437387184992179e-01 -8.935902769194359833e-16
7.477712802293133336e+02 1.139636663647076442e-01 7.824404146807646306e-16
7.610470848494829852e+02 1.142663158333391549e-01 -7.984427564765785127e-16
7.743228894696525231e+02 1.141842245897029401e-01 8.501374853152379927e-16
7.875986940898219473e+02 1.138584829015990979e-01 -1.049140469738541496e-17
8.008744987099914852e+02 1.133458126298368118e-01 -8.693882268142465048e-16
8.141503033301611367e+02 1.124546483177315537e-01 8.734914888918632707e-16
8.274261079503306746e+02 1.109967775129708512e-01 -8.781781509806392626e-18
8.407019125705002125e+02 1.090106662516313329e-01 -8.471056855987601800e-16
8.539777171906697504e+02 1.067094825565635396e-01 8.374436520578759924e-16
8.672535218108392883e+02 1.039441209069620620e-01 8.323978164672573599e-18
8.805293264310088261e+02 1.006334162648646890e-01 -7.817241774911311791e-16
8.938051310511784777e+02 9.693439658390073932e-02 6.797928307119991614e-16
9.070809356713480156e+02 9.281641595508056952e-02 -5.752404768227591343e-16
9.203567402915175535e+02 8.823888969981209807e-02 6.795059741673800992e-16
9.336325449116872051e+02 8.328771276838331517e-02 -2.351570507869890039e-17
9.469083495318567429e+02 7.805174714606591402e-02 -6.025892700001145123e-16
9.601841541520261671e+02 7.256549578955653890e-02 5.675800913857275896e-16
9.734599587721957050e+02 6.695116083967962706e-02 -2.795700840884142751e-17
9.867357633923652429e+02 6.132177135249286537e-02 -5.122333648900834037e-16
1.000011568012534894e+03 5.578186379748148460e-02 4.107467328594182076e-16
1.013287372632704319e+03 5.052858339009232841e-02 2.659127591688383449e-17
1.026563177252873857e+03 4.569440028541155857e-02 -9.637656656572693623e-17
1.039838981873043622e+03 4.142952527230872595e-02 -6.000472938049078273e-16
1.053114786493212932e+03 3.796525156433173953e-02 6.152601664680564703e-16
1.066390591113382698e+03 3.542534619893430298e-02 7.736848151945837117e-17
1.079666395733552008e+03 3.385220207219985511e-02 -4.094380036855038467e-18
1.092942200353721546e+03 3.324277488191144936e-02 -5.999416117402074338e-17
1.106218004973891311e+03 3.335154872561534728e-02 -5.359879143399491738e-16
1.119493809594060622e+03 3.382929931593346012e-02 5.337433897860506204e-16
1.132769614214230387e+03 3.443647793171774468e-02 4.299350321521122524e-17
1.146045418834399925e+03 3.504356789711420700e-02 2.399403631923002937e-18
1.159321223454569463e+03 3.558384752283058616e-02 9.024455023466691034e-18
1.172597028074739001e+03 3.607766121143840543e-02 -4.492952589154718477e-17
1.185872832694908311e+03 3.655099322062670131e-02 -5.892798249301055577e-16
1.199148637315078076e+03 3.694366319936934207e-02 5.744519826745539487e-16
1.212424441935247614e+03 3.727171422059207678e-02 5.275138133001217548e-17
1.225700246555417152e+03 3.756192339606879982e-02 -7.604051496243198653e-18
1.238976051175586690e+03 3.774877312525118378e-02 -8.213045841800806715e-17
1.252251855795756001e+03 3.786339579704108005e-02 -5.894086473520570196e-16
1.265527660415925766e+03 3.794459411601318333e-02 5.729334763624365307e-16
1.278803465036095304e+03 3.792086425578174158e-02 6.819594188225652913e-17
1.292079269656264842e+03 3.780883424375709734e-02 -5.990382800027904293e-18
1.305355074276434379e+03 3.762860935575615406e-02 2.841148084128996753e-18
1.318630878896604145e+03 3.733943065518959686e-02 -7.993094210451602569e-17
1.331906683516773455e+03 3.698889743591612933e-02 -5.541071872926658168e-16
1.345182488136942993e+03 3.656782792759472045e-02 5.635059562859457274e-16
1.358458292757112531e+03 3.604911578181173304e-02 6.146246562947931650e-17
1.371734097377282069e+03 3.548738489152247072e-02 9.118864139947738619e-18
1.385009901997451834e+03 3.482304621474560657e-02 -1.008312252465041233e-16
1.398285706617621145e+03 3.408657492642988562e-02 -5.480392572382215993e-16
1.411561511237790683e+03 3.335679303946626623e-02 4.919053388078835477e-16
1.424837315857960220e+03 3.254098694602464148e-02 3.865911303508223379e-17
1.438113120478129758e+03 3.164760564133784621e-02 -1.194662581170031370e-17
1.451388925098299524e+03 3.074571931246332379e-02 -6.879925027435712385e-17
1.464664729718468834e+03 2.983556186781870234e-02 -4.909077673458526656e-16
1.477940534338638599e+03 2.891576018476757493e-02 4.164567506938340896e-16
1.491216338958807910e+03 2.794450063101202794e-02 -8.221883658462867776e-18
1.504492143578977448e+03 2.692530589277147141e-02 -3.891518554018372491e-17
1.517767948199147213e+03 2.594057618665855658e-02 3.817542172341892894e-18
1.531043752819316524e+03 2.495089985234624080e-02 -4.403751664963167162e-17
1.544319557439486289e+03 2.391184778963572483e-02 -4.053988109949736027e-16
1.557595362059655827e+03 2.279921159199283995e-02 3.486008370142882645e-16
1.570871166679825365e+03 2.161947000105848837e-02 2.479791984869501376e-17
1.584146971299994902e+03 2.040024902846926738e-02 -4.306407091448410115e-18
1.597422775920164213e+03 1.913776580399450047e-02 -1.088967018503974903e-17
1.610698580540333978e+03 1.784571221402624433e-02 -2.530784097189868435e-16
1.623974385160503516e+03 1.657907943083568314e-02 2.256067554567560101e-16
1.637250189780673054e+03 1.549745572544401415e-02 -3.697026304512827257e-17
1.650525994400842592e+03 1.476719310453580326e-02 -2.577167553660560675e-17
1.663801799021012130e+03 1.440677492402469596e-02 -2.997220667388883022e-17
1.677077603641181668e+03 1.422984416494938072e-02 -7.302310555537037548e-17
1.690353408261351206e+03 1.408213622072930840e-02 -2.748800111858397137e-16
1.703629212881520743e+03 1.391889427920044685e-02 2.078105683075310142e-16
1.716905017501690281e+03 1.374486020422786316e-02 2.432209864271646574e-18
1.730180822121859819e+03 1.356005688496917869e-02 -2.463921459930800499e-17
1.743456626742029357e+03 1.334841093077836043e-02 -5.359188519235726547e-17
1.756732431362198895e+03 1.311805652522775659e-02 -2.123619039148232080e-16
1.770008235982368433e+03 1.287562035069465642e-02 1.858297299538725454e-16
1.783284040602537971e+03 1.262330374691589263e-02 1.729294469386876327e-17
1.796559845222707736e+03 1.235701139700872385e-02 -2.524283957521866789e-17
1.809835649842877046e+03 1.207838033969604354e-02 -9.523083933024327016e-18
1.823111454463046812e+03 1.179775593913411080e-02 -5.381709951161900233e-17
1.836387259083216122e+03 1.150521631750466185e-02 -2.332232746767705779e-16
1.849663063703385660e+03 1.121171589502439024e-02 1.473155920889163243e-16
1.862938868323555425e+03 1.091365697198535233e-02 -1.475290106058459667e-17
1.876214672943724736e+03 1.061922231692305832e-02 -3.314184426405096772e-17
1.889490477563894501e+03 1.032894182687404093e-02 -3.321031265910213319e-17
1.902766282184063812e+03 1.004135376570550880e-02 -1.885824638651993792e-16
1.916042086804233577e+03 9.764421392372442388e-03 1.365899874902706522e-16
1.929317891424403115e+03 9.487807868132544162e-03 -4.704243438764915979e-18
1.942593696044572425e+03 9.219104625283365551e-03 -1.772078991758258980e-17
1.955869500664742191e+03 8.961592349365049906e-03 -3.959764983877714082e-17
1.969145305284911728e+03 8.711064404332702002e-03 -3.084230370520581276e-17
1.982421109905081494e+03 8.470502790004313248e-03 -1.342635467907066761e-16
1.995696914525250577e+03 8.231893676362470047e-03 1.274937684963612399e-16
2.008972719145420115e+03 7.997710354618301626e-03 1.867464386689038505e-17
2.022248523765589880e+03 7.763339504204321700e-03 1.260437424023373943e-18
2.035524328385759418e+03 7.525780290556339548e-03 -2.731618046363864044e-17
2.048800133005929183e+03 7.289752167012856707e-03 -1.298309252791936640e-16
2.062075937626098494e+03 7.055737862815555407e-03 8.734355065650182360e-17
2.075351742246267804e+03 6.813555452720801604e-03 -2.772737578419817717e-17
2.088627546866437569e+03 6.566063800516305608e-03 -2.018607617544856345e-17
2.101903351486607335e+03 6.326113690716106235e-03 -1.001479794695317426e-17
2.115179156106776645e+03 6.085757320605469055e-03 -3.643956125440109724e-17
2.128454960726945956e+03 5.849003606201344518e-03 -1.042235478437111438e-17
2.141730765347115721e+03 5.640180498249213435e-03 3.867199225773695355e-18
2.155006569967285486e+03 5.463583460148893969e-03 -1.450733378795712953e-16
2.168282374587454797e+03 5.321887983877853293e-03 1.588101878993473504e-16
2.181558179207624562e+03 5.228302410311938715e-03 2.639919646582217283e-17
2.194833983827793872e+03 5.167756500269993745e-03 -1.949854619967874702e-18
2.208109788447963183e+03 5.116700404805990879e-03 -1.065612439001645277e-17
2.221385593068132948e+03 5.073880165646263429e-03 -1.745728373893936292e-17
2.234661397688302714e+03 5.032636446285311711e-03 1.083936218192818120e-18
2.247937202308472479e+03 4.980627127096482268e-03 -1.141928054612711692e-18
2.261213006928641335e+03 4.924201907364695111e-03 -1.031261650559389487e-17
2.274488811548811100e+03 4.871655411164089663e-03 -4.219312869932737059e-17
2.287764616168980865e+03 4.810711118596845519e-03 -2.817727302622708401e-17
2.301040420789150176e+03 4.744749697180423130e-03 -1.225953494243568175e-16
2.314316225409319941e+03 4.682223260513172780e-03 1.186885873347147025e-16
2.327592030029489251e+03 4.611705221806977964e-03 -2.593237432748568817e-17
2.340867834649659017e+03 4.537342564534497039e-03 -4.130946891772076617e-18
2.354143639269828327e+03 4.465785805103402242e-03 -4.395030224997193411e-18
2.367419443889998092e+03 4.388213543051181463e-03 -1.708348879757610157e-17
2.380695248510167858e+03 4.307055369949071115e-03 -2.391067063262600089e-17
2.393971053130337168e+03 4.223240474080669320e-03 9.072142737766072352e-18
2.407246857750506479e+03 4.131678843673444214e-03 -9.332429114384658141e-18
2.420522662370676244e+03 4.040182066882574800e-03 3.062464354835816949e-18
2.433798466990845554e+03 3.946339959941641030e-03 -2.099748270433010094e-17
2.447074271611015320e+03 3.844913120016689879e-03 -1.067402459908167692e-16
2.460350076231185085e+03 3.743478780984662527e-03 9.880522493632473197e-17
2.473625880851354395e+03 3.632874223270234678e-03 -2.076775857523729837e-17
2.486901685471523706e+03 3.514837604925359626e-03 -8.106748446650153945e-18
2.500177490091693471e+03 3.401275144714358163e-03 -2.420263327506988296e-17
2.513453294711863236e+03 3.279804647817373842e-03 -5.477785646235837175e-18
2.526729099332032547e+03 3.147788235536283508e-03 1.042751290562779722e-17
2.540004903952201857e+03 3.013946705491691962e-03 -3.201667420583736548e-17
2.553280708572371623e+03 2.881577092615827517e-03 -1.788968880585209794e-17
2.566556513192541388e+03 2.751997076446811939e-03 -1.614432760161383507e-17
2.579832317812710698e+03 2.616825425400889568e-03 -3.151712097678507521e-17
2.593108122432880464e+03 2.480254589227713375e-03 -9.649858199168733049e-17
2.606383927053049774e+03 2.355442533856652587e-03 4.475685196805141202e-17
2.619659731673219085e+03 2.241068883614963456e-03 -3.998385368115317615e-18
2.632935536293388850e+03 2.133579398997024687e-03 2.500879960273100453e-18
2.646211340913558615e+03 2.032002977545579406e-03 -8.113398334354770131e-18
2.659487145533728381e+03 1.941256970496372863e-03 6.531931481203013793e-18
2.672762950153897236e+03 1.867194553586365739e-03 2.769115186056529261e-17
2.686038754774067002e+03 1.810013100190509391e-03 7.587679287573242910e-21
2.699314559394236767e+03 1.766772216117859506e-03 -2.086227012778353775e-18
2.712590364014406077e+03 1.732316784326862810e-03 -3.604193887442828626e-17
2.725866168634575843e+03 1.705447287790635633e-03 -6.812900067872964018e-19
2.739141973254745153e+03 1.682332859246422202e-03 -2.019737441399798142e-17
2.752417777874914918e+03 1.660252527578676357e-03 6.226608026209314628e-17
2.765693582495084229e+03 1.638528504428346305e-03 -1.256934798879392528e-17
2.778969387115253994e+03 1.617657641255386891e-03 -1.909396607084643453e-17
2.792245191735423759e+03 1.596032427844924035e-03 -1.146193111622795789e-17
2.805520996355593070e+03 1.574282434824385898e-03 2.175023946573308791e-18
2.818796800975762380e+03 1.553660138987817243e-03 -1.881312941843065218e-17
2.832072605595932146e+03 1.531937738949326784e-03 -3.581218047029446182e-18
2.845348410216101911e+03 1.508162863877784369e-03 -2.002282074208416962e-18
2.858624214836271221e+03 1.485036849443417207e-03 3.240123752933210333e-17
2.871900019456440987e+03 1.461964553955949963e-03 -9.887854148101464813e-18
2.885175824076610297e+03 1.437438230320114843e-03 -3.841312232690905534e-17
2.898451628696779608e+03 1.411669383312416258e-03 7.040694388926134030e-17
2.911727433316949373e+03 1.385872842486753770e-03 2.424085254765211776e-17
2.925003237937119138e+03 1.358939547284204914e-03 -8.649399403607499637e-18
2.938279042557288449e+03 1.330630614797355133e-03 -2.693979418023382857e-18
2.951554847177457759e+03 1.300800149121705612e-03 2.527140586941185903e-18
2.964830651797627525e+03 1.270044070592273901e-03 1.053467889790259035e-18
2.978106456417797290e+03 1.238369381582811804e-03 -3.338600857572242920e-17
2.991382261037966600e+03 1.205000205015201338e-03 -4.910462430778434091e-17
3.004658065658136366e+03 1.171297993722924874e-03 -2.676006898214660895e-17
3.017933870278305676e+03 1.136517714819041715e-03 -7.500260673739128606e-17
3.031209674898474987e+03 1.100175647232230595e-03 3.049938706580880263e-17
3.044485479518644752e+03 1.064262667423050051e-03 -4.432182332183334044e-17
3.057761284138814517e+03 1.028912179721056062e-03 -1.062942889784950577e-17
3.071037088758984282e+03 9.932079196244612915e-04 4.708396444246291493e-18
3.084312893379153138e+03 9.569897242387151101e-04 3.059087454265034871e-20
3.097588697999322903e+03 9.224512199589219750e-04 8.009317813055871997e-18
3.110864502619492669e+03 8.889881218506635180e-04 -4.491465985733636476e-17
3.124140307239661979e+03 8.557191325889916631e-04 -1.286874315354154056e-17
3.137416111859831744e+03 8.241899039831565793e-04 -2.546047721505279029e-17
3.150691916480001055e+03 7.950078555189095397e-04 -1.978704308337550423e-17
3.163967721100170820e+03 7.669520743188287587e-04 1.227067094118992111e-17
3.177243525720340131e+03 7.406304667029001100e-04 -9.816006308625897257e-18
3.190519330340509896e+03 7.173875379557553486e-04 -1.324747561123171745e-17
3.203795134960679661e+03 6.955155139353815137e-04 -1.479159819447656793e-17
3.217070939580848517e+03 6.745401082547482132e-04 1.357395946649509219e-17
3.230346744201018282e+03 6.566168819408695675e-04 3.676889184456631943e-17
3.243622548821188047e+03 6.405136873684182585e-04 -3.634743754296122377e-17
3.256898353441357813e+03 6.257612126490869932e-04 -3.491218631286232021e-17
3.270174158061527123e+03 6.139764158801610562e-04 9.852898640549404270e-17
3.283449962681696888e+03 6.028971080327934565e-04 3.091800107548899293e-17
3.296725767301866199e+03 5.911369973984265721e-04 6.160020328777082825e-17
3.310001571922035509e+03 5.807234946213078904e-04 5.887749250284925260e-18
3.323277376542205275e+03 5.703933598148814340e-04 3.261138603350606533e-17
3.336553181162375040e+03 5.586255837353300236e-04 -4.193273392136324101e-18
3.349828985782544351e+03 5.468412305731989390e-04 5.866783485285325283e-17
3.363104790402713661e+03 5.355310982873408374e-04 -2.137382869065216723e-17
3.376380595022883426e+03 5.232503069608461250e-04 1.545608280285383866e-17
3.389656399643053192e+03 5.106209786041648662e-04 5.767135519594155952e-17
3.402932204263222502e+03 4.981933480905968931e-04 8.594575628893250675e-18
3.416208008883392267e+03 4.851061542392998941e-04 -1.915418240099478805e-17
3.429483813503561578e+03 4.718516565352179749e-04 -2.570688282008552309e-17
3.442759618123731343e+03 4.588042559944078484e-04 -8.104519030908159086e-18
3.456035422743900654e+03 4.453798212327352230e-04 1.174988342427820365e-17
3.469311227364070419e+03 4.322237425964445940e-04 1.425721921121991389e-17
3.482587031984240184e+03 4.188045243423998997e-04 3.198893676030675841e-17
3.495862836604409040e+03 4.049591698502258267e-04 3.089878820377151140e-17
3.509138641224578805e+03 3.919752051979607556e-04 1.469996584335000596e-17
3.522414445844748570e+03 3.791484710345241526e-04 1.545996940859703620e-17
3.535690250464917881e+03 3.660532638843890852e-04 1.074903122245098744e-18
3.548966055085087646e+03 3.539761324882685525e-04 -1.561051580177834140e-17
3.562241859705256957e+03 3.417938462043272705e-04 -2.717487940818975641e-17
3.575517664325426722e+03 3.298073272184696546e-04 6.715774406704409253e-18
3.588793468945596032e+03 3.192642968857355439e-04 -2.455105501314968199e-19
3.602069273565765798e+03 3.089439956872390381e-04 -2.302135287769998771e-17
3.615345078185935563e+03 2.982761879407451488e-04 3.910553693789972407e-18
3.628620882806104419e+03 2.880278184525062336e-04 -1.981332027801079337e-17
3.641896687426274184e+03 2.789634764719730068e-04 -1.981693606027911648e-18
3.655172492046443949e+03 2.710736528259089298e-04 -1.174125751954874093e-18
3.668448296666613714e+03 2.627558969688618571e-04 2.383542193026581490e-17
3.681724101286783025e+03 2.544406119045939264e-04 2.914337892442442392e-17
3.694999905906952790e+03 2.474308979524033323e-04 3.145307391799520163e-17
3.708275710527122101e+03 2.414524708765486275e-04 2.409698028350118752e-17
3.721551515147291411e+03 2.356569931112144074e-04 3.129327387109052626e-17
3.734827319767461177e+03 2.297565782213902431e-04 3.783417152334705586e-17
3.748103124387630942e+03 2.240722725799696553e-04 -8.682663484632989551e-20
3.761378929007800707e+03 2.190906302349079806e-04 3.772541791573007250e-18
3.774654733627969563e+03 2.146833529070136615e-04 8.963714920365570055e-18
3.787930538248139328e+03 2.105825507021742758e-04 7.866120430612488194e-18
3.801206342868309093e+03 2.065816800211823828e-04 1.086767652097746572e-17
3.814482147488478404e+03 2.029909849776791511e-04 -4.435385493442114225e-18
3.827757952108648169e+03 1.993592260312582176e-04 -2.280360001988199683e-19
3.841033756728817480e+03 1.955414279741199868e-04 3.967181717034718436e-18
3.854309561348987245e+03 1.917555291579326642e-04 9.597398202407940652e-18
3.867585365969156555e+03 1.881066021048747249e-04 8.931842735641913818e-19
3.880861170589326321e+03 1.842147310554784504e-04 4.658157833312378245e-17
3.894136975209496086e+03 1.802727788885254113e-04 -2.829677365404782248e-17
3.907412779829664942e+03 1.764498460274149718e-04 4.190694860886863069e-17
3.920688584449835162e+03 1.725008354338875883e-04 5.360878104892587071e-18
3.933964389070004472e+03 1.682583874858778982e-04 3.094219816401099183e-17
3.947240193690173783e+03 1.641658945162659071e-04 3.109252134704238294e-17
3.960515998310343548e+03 1.601579479402308326e-04 -1.460143465680408470e-17
3.973791802930512858e+03 1.560686386937873221e-04 -2.438661489430352840e-17
3.987067607550683078e+03 1.518779802083894414e-04 3.600265541896757729e-18
4.000343412170851934e+03 1.477642229500858190e-04 -6.737053378706172912e-18
4.013619216791021245e+03 1.436860721184081077e-04 -3.954320624347487506e-17
4.026895021411191465e+03 1.395572344866210168e-04 -3.590281394898478957e-17
4.040170826031360320e+03 1.353338636047575982e-04 -2.367059225379359873e-17
4.053446630651530540e+03 1.311987273471415408e-04 -3.875906442019200696e-17
4.066722435271699851e+03 1.270963036538960450e-04 9.828674469055752771e-19
4.079998239891869162e+03 1.230050099388534568e-04 1.664562143214373622e-17
4.093274044512038927e+03 1.190675861577335470e-04 2.961225127754892436e-17
4.106549849132208692e+03 1.151514233065150939e-04 4.452213781086950530e-18
4.119825653752378457e+03 1.110839302490486294e-04 1.760267727750523348e-17
4.133101458372547313e+03 1.072914470487813077e-04 2.964652001082769178e-17
4.146377262992717078e+03 1.037719805589003725e-04 4.905183291612097818e-17
4.159653067612886844e+03 1.003036696962821992e-04 4.457879112665583861e-17
4.172928872233055699e+03 9.677549778450428438e-05 1.380276745189898436e-17
4.186204676853226374e+03 9.354729390662656571e-05 -1.395569662460801232e-17
4.199480481473395230e+03 9.050454056029392754e-05 -4.656638451002829989e-18
4.212756286093564086e+03 8.751189999109691611e-05 -8.386204716224297594e-18
4.226032090713734760e+03 8.472359007613887926e-05 5.236109972046414863e-18
4.239307895333903616e+03 8.217649417566946833e-05 -6.491777077923416038e-18
4.252583699954073381e+03 7.968204371379700049e-05 -2.374952230532452105e-17
4.265859504574243147e+03 7.741849486865360664e-05 -2.212993851412970839e-17
4.279135309194412002e+03 7.544547424760531841e-05 -8.610130024642054196e-18
4.292411113814581768e+03 7.354945502417890922e-05 -5.578746116041889923e-18
4.305686918434751533e+03 7.163435188398386416e-05 -2.460003951637596819e-18
4.318962723054921298e+03 6.999502602669552503e-05 2.682881754745372441e-17
4.332238527675091063e+03 6.844021727810719723e-05 6.534604337169256099e-18
4.345514332295259919e+03 6.692538257302984249e-05 6.142157606292815782e-18
4.358790136915429684e+03 6.555925150329692153e-05 2.989433226739241209e-17
4.372065941535599450e+03 6.412232854877934903e-05 8.692325676989313632e-18
4.385341746155769215e+03 6.252535940346032307e-05 -2.222811477531535045e-18
4.398617550775938071e+03 6.114933002226638492e-05 -1.194122725480233583e-17
4.411893355396108745e+03 5.981629946568086146e-05 -2.022020925082725488e-17
4.425169160016277601e+03 5.835619685279223374e-05 1.598771496155978421e-18
4.438444964636446457e+03 5.690931707520697179e-05 1.954636458690224876e-19
4.451720769256617132e+03 5.557735110968521028e-05 -5.928754256797136775e-19
4.464996573876785988e+03 5.416647337166986814e-05 -1.182468219153731007e-17
4.478272378496955753e+03 5.277467378156949182e-05 2.663452202153051892e-18
4.491548183117125518e+03 5.139095425441303787e-05 -7.266728761315611337e-18
4.504823987737294374e+03 4.999886649693434891e-05 2.884951895359558431e-18
4.518099792357465049e+03 4.862216511920457401e-05 9.940292001086072187e-18
4.531375596977633904e+03 4.727586642258546190e-05 2.363461801286997241e-17
4.544651401597803670e+03 4.590037366145360332e-05 -9.261834995353707250e-18
4.557927206217973435e+03 4.461717961140049005e-05 1.757678127353572428e-17
4.571203010838142291e+03 4.328590446491633649e-05 3.108221316475344978e-17
4.584478815458312056e+03 4.193555422685041876e-05 1.136516712115223721e-17
4.597754620078481821e+03 4.068342029180103313e-05 4.388646845424382786e-18
4.611030424698651586e+03 3.950065289428832056e-05 3.268188620471166911e-17
4.624306229318820442e+03 3.827741711686115161e-05 3.689809668929960061e-17
4.637582033938990207e+03 3.715046597220700227e-05 1.206683478695466903e-17
4.650857838559159973e+03 3.599476587750735017e-05 -4.035995037861831425e-18
4.664133643179328828e+03 3.488594125848231873e-05 1.322017071722534695e-17
4.677409447799499503e+03 3.390135142008845640e-05 7.189112837733273306e-20
4.690685252419668359e+03 3.295561945260386152e-05 -7.794067470414938548e-18
4.703961057039838124e+03 3.193234428702452696e-05 1.534686857659327279e-17
4.717236861660007889e+03 3.094827692858224109e-05 1.997239913382872092e-18
4.730512666280176745e+03 3.007787446057372564e-05 2.433743286919892909e-17
4.743788470900347420e+03 2.932014817274846512e-05 2.771257020154791616e-17
4.757064275520516276e+03 2.846511298725952857e-05 4.628861637490220731e-17
4.770340080140685131e+03 2.762594896284372063e-05 6.839641840514305697e-18
4.783615884760855806e+03 2.690270206929350002e-05 5.523949519047423459e-17
4.796891689381024662e+03 2.629256654578397191e-05 1.944853719030969954e-17
4.810167494001194427e+03 2.565777060574334531e-05 2.988797541829812170e-17
4.823443298621364193e+03 2.502255890253574848e-05 4.062388845458605905e-17
4.836719103241533048e+03 2.439351835374045955e-05 4.861167852182789262e-18
4.849994907861702814e+03 2.382914842357847294e-05 8.713438771650969461e-18
4.863270712481872579e+03 2.326821506734182943e-05 1.117782199183962913e-17
4.876546517102042344e+03 2.272148062621535207e-05 -1.230488830901770096e-17
4.889822321722211200e+03 2.216594047533049553e-05 -5.100091504976727614e-18
4.903098126342380965e+03 2.167325946676632744e-05 -2.727226364668249481e-18
4.916373930962550730e+03 2.113694242807582742e-05 3.126655422218345416e-18
4.929649735582720496e+03 2.058928080824238378e-05 3.456888847597608976e-17
4.942925540202890261e+03 2.005512524947999754e-05 6.988456259620270832e-18
4.956201344823059117e+03 1.956868894707160581e-05 2.157109504770554519e-17
4.969477149443228882e+03 1.903216003443569527e-05 2.726327348305924000e-18
4.982752954063398647e+03 1.850997727049265781e-05 1.597324704503269257e-17
4.996028758683567503e+03 1.799879232428305305e-05 6.730722193974932358e-18
5.009304563303738178e+03 1.749924180904937655e-05 -8.447121792556048012e-19
5.022580367923907033e+03 1.695595273752232109e-05 9.822956805752853838e-18
5.035856172544075889e+03 1.646007999040886006e-05 3.213354200087677305e-17
5.049131977164246564e+03 1.597766738788881528e-05 -1.588672763741636960e-17
5.062407781784415420e+03 1.551408575804998812e-05 -2.779149388828031474e-18
5.075683586404585185e+03 1.502971467456279150e-05 1.632334323969687040e-17
5.088959391024754950e+03 1.457962874113471476e-05 2.772435497641686360e-17
5.102235195644923806e+03 1.413817949372328614e-05 -1.861711958235034683e-17
5.115511000265094481e+03 1.372197734956509038e-05 -3.936499067256693962e-17
5.128786804885263336e+03 1.328892104970385935e-05 -1.733126443429563267e-17
5.142062609505433102e+03 1.288956959831970608e-05 1.131503596909665872e-17
5.155338414125602867e+03 1.248502099690903855e-05 -1.170420696382314621e-19
5.168614218745771723e+03 1.211397646657402697e-05 8.964862661055527762e-18
5.181890023365941488e+03 1.175457763920395364e-05 1.833999475462817463e-17
5.195165827986111253e+03 1.141120619186660980e-05 -1.245542765042908168e-18
5.208441632606281019e+03 1.103207207468110844e-05 1.594609023766104676e-17
5.221717437226449874e+03 1.070788830876359760e-05 -8.019911150441314952e-19
5.234993241846619640e+03 1.040947895095762423e-05 8.335089815598828321e-18
5.248269046466789405e+03 1.012989868555396673e-05 2.674135274527931117e-17
5.261544851086958261e+03 9.818085975347570351e-06 8.166826114691123994e-19
5.274820655707128935e+03 9.549758907641435753e-06 -2.142291710694735475e-17
5.288096460327297791e+03 9.286250358792696687e-06 2.008587570054032198e-17
5.301372264947467556e+03 9.041585863938581997e-06 2.315693168859787584e-17
5.314648069567637322e+03 8.794900709220916559e-06 3.172231525298354375e-18
5.327923874187806177e+03 8.576596649043435205e-06 -1.267100575678388457e-17
5.341199678807976852e+03 8.341735976530550268e-06 -8.594582101037428018e-18
5.354475483428145708e+03 8.145678041905989896e-06 4.583353190943462825e-18
5.367751288048315473e+03 7.950591576917513385e-06 -1.714012723351246925e-18
5.381027092668485238e+03 7.764091966209518464e-06 -3.751261311750468372e-17
5.394302897288654094e+03 7.546426914903642151e-06 -1.115888279409222507e-18
5.407578701908823859e+03 7.361173951692356245e-06 -1.677331727440779206e-17
5.420854506528993625e+03 7.168896582581476869e-06 4.013937635302195438e-18
5.434130311149163390e+03 6.999572004043356606e-06 -1.354644937108334968e-17
5.447406115769332246e+03 6.826639431252503476e-06 1.809271467762209298e-17
5.460681920389502011e+03 6.655842155931456301e-06 1.500755778980360130e-17
5.473957725009671776e+03 6.457905822599085843e-06 2.933379758487649756e-17
5.487233529629840632e+03 6.307217322375628077e-06 -1.437677407703385360e-17
5.500509334250011307e+03 6.147614245691893062e-06 2.890489249367114073e-17
5.513785138870180162e+03 5.989847196806905944e-06 2.241003565608808682e-17
5.527060943490349928e+03 5.819816415631777837e-06 7.417136570319438858e-18
5.540336748110519693e+03 5.679089967258892338e-06 -1.886765822247446837e-17
5.553612552730688549e+03 5.517860187873743954e-06 -4.440671134812147982e-18
5.566888357350859224e+03 5.375230575505578997e-06 -1.097134766703227586e-17
5.580164161971028079e+03 5.216620902786086351e-06 1.642935990769762348e-17
5.593439966591196935e+03 5.076525023555538676e-06 9.514557838100967762e-18
5.606715771211367610e+03 4.924398489168732928e-06 1.617760055668217040e-17
5.619991575831536466e+03 4.786490880674036411e-06 4.947607622037341908e-17
5.633267380451706231e+03 4.631704161808001890e-06 5.210756789682049590e-17
5.646543185071875996e+03 4.503555407625319622e-06 3.755169623198516346e-17
5.659818989692044852e+03 4.354116259735287448e-06 1.873866849546602914e-17
5.673094794312214617e+03 4.216056821204166417e-06 1.599386858412045693e-17
5.686370598932384382e+03 4.071909952664072589e-06 3.000146517990937018e-17
5.699646403552554148e+03 3.951418755119635290e-06 7.801463647949508225e-18
5.712922208172723913e+03 3.813936074240013791e-06 2.022090436337797034e-17
5.726198012792892769e+03 3.699351147928384983e-06 3.457574970379407028e-17
5.739473817413062534e+03 3.567463397803380930e-06 3.440328457497802659e-18
5.752749622033232299e+03 3.456859824797763419e-06 -3.548469814048791489e-18
5.766025426653402064e+03 3.344453682149371537e-06 -6.935844242761481738e-17
5.779301231273570920e+03 3.252287127676325496e-06 -1.165103866597496276e-17
5.792577035893740685e+03 3.137177363358838257e-06 -4.497560761595476451e-17
5.805852840513910451e+03 3.040617476397046722e-06 -9.511125622235135162e-18
5.819128645134079306e+03 2.942064625913802930e-06 -1.780262684984422347e-17
5.832404449754249981e+03 2.868020449563333095e-06 7.798698916813533305e-18
5.845680254374418837e+03 2.768422578932188973e-06 -9.944684957342223619e-18
5.858956058994587693e+03 2.685436786944780105e-06 5.262399697546304516e-18
5.872231863614758367e+03 2.598302496019075520e-06 -4.371267643517396380e-18
5.885507668234927223e+03 2.535028570843413109e-06 1.183763644558003832e-17
5.898783472855096988e+03 2.453282187016965806e-06 3.777392737191708156e-18
5.912059277475266754e+03 2.386474948939853475e-06 -1.354950129185406763e-17
5.925335082095435610e+03 2.306812539007979414e-06 1.040206075428405918e-18
5.938610886715606284e+03 2.246470849972316354e-06 1.316013788853071056e-17
5.951886691335775140e+03 2.169472778281385062e-06 2.021483998301920223e-17
5.965162495955944905e+03 2.108765916207287237e-06 -1.944595145880373389e-17
5.978438300576114671e+03 2.035667519108412452e-06 -1.975535273049759890e-17
5.991714105196283526e+03 1.982850558178769384e-06 1.743155214635187646e-17
6.004989909816453292e+03 1.910182796528648721e-06 -1.099910162700631331e-17
6.018265714436623057e+03 1.851727468267222271e-06 -6.147202491442249173e-18
6.031541519056792822e+03 1.783056820152235735e-06 -4.923564554362082979e-18
6.044817323676961678e+03 1.732859914996564570e-06 -6.800227369959643113e-18
6.058093128297131443e+03 1.661682844434632862e-06 1.466167494471459189e-17
6.071368932917301208e+03 1.606593558601445834e-06 -1.401690185857911547e-17
6.084644737537470064e+03 1.541584406147127253e-06 -7.705255609357073554e-18
6.097920542157640739e+03 1.491801357714697817e-06 -1.602765838918593461e-17
6.111196346777809595e+03 1.422409843405599135e-06 2.829289377289418045e-18
6.124472151397979360e+03 1.370536306105315030e-06 -2.108527849075941769e-17
6.137747956018149125e+03 1.307404531405359680e-06 -3.088423855645434977e-18
6.151023760638317981e+03 1.260318296810237318e-06 3.376781435878774709e-17
6.164299565258488656e+03 1.197465016933292362e-06 2.313200555047853089e-17
6.177575369878657511e+03 1.152066187389428272e-06 -1.367875747803262110e-17
6.190851174498827277e+03 1.095038144430087313e-06 -3.030825984899321819e-17
6.204126979118997042e+03 1.054353794443019950e-06 1.460995350595788936e-17
6.217402783739165898e+03 1.000251854463065529e-06 -6.497928364097526025e-18
6.230678588359335663e+03 9.636284911504460604e-07 4.717351099189297990e-18
6.243954392979505428e+03 9.138886370032524132e-07 1.831809726926467182e-18
6.257230197599675193e+03 8.809893692732202083e-07 -1.264654418665140636e-17
6.270506002219844049e+03 8.377391370216980481e-07 8.429764099223649061e-18
6.283781806840013815e+03 8.104871932596727023e-07 2.069111483164325581e-17
6.297057611460183580e+03 7.677944138060050425e-07 3.080658865418554565e-17
6.310333416080353345e+03 7.424244283999860791e-07 2.396314063790717613e-17
6.323609220700523110e+03 7.070549692004868694e-07 2.649132246795859545e-17
6.336885025320691966e+03 6.852513446174054155e-07 -1.078805148998895317e-17
6.350160829940861731e+03 6.494809854922472045e-07 1.910081250308394708e-17
6.363436634561031497e+03 6.303596586126980180e-07 1.671481793649236485e-17
6.376712439181200352e+03 5.992961001519913411e-07 3.674365356031823689e-17
6.389988243801371027e+03 5.798129704388498634e-07 5.998933730423954219e-18
6.403264048421539883e+03 5.503974780830484193e-07 1.243121194178174864e-17
6.416539853041708739e+03 5.354578723079045910e-07 3.807566681131458555e-18
6.429815657661879413e+03 5.081953120905228336e-07 4.133319257859810654e-18
6.443091462282048269e+03 4.927485010650071619e-07 -3.779456705081024112e-18
6.456367266902218034e+03 4.681566168912683806e-07 3.366383426699198240e-17
6.469643071522387800e+03 4.540950217263563361e-07 -2.316130426417749140e-17
6.482918876142556655e+03 4.300198140329106666e-07 -3.192806433081210956e-17
6.496194680762726421e+03 4.157778754466282464e-07 -3.504398404825034546e-17
6.509470485382896186e+03 3.941080325957570050e-07 -2.459428279235066996e-17
6.522746290003065951e+03 3.795722030141892851e-07 1.376331819866162921e-17
6.536022094623235716e+03 3.599699841354517466e-07 7.887093646023128520e-19
6.549297899243404572e+03 3.449054588333642947e-07 -6.569597897068332940e-19
6.562573703863574337e+03 3.275360110163690861e-07 -2.613917133436830337e-17
6.575849508483744103e+03 3.108540156145607979e-07 9.734317302389265310e-18
6.589125313103913868e+03 2.976751867439202485e-07 1.338632661156194754e-17
6.602401117724082724e+03 2.785100233936099120e-07 5.607105623364235196e-17
6.615676922344252489e+03 2.714606367671708704e-07 -4.687620360813201547e-17
6.628952726964422254e+03 2.470400297426373738e-07 -5.121266767878244653e-18
6.642228531584591110e+03 2.506395782203708455e-07 2.540691667763119622e-18
6.655504336204761785e+03 2.142532923280356706e-07 3.457549435079255523e-17
6.668780140824930641e+03 2.395531296876592174e-07 -1.403234853984786713e-17
6.682055945445099496e+03 1.741974370532519870e-07 -1.371799735049938549e-17
6.695331750065270171e+03 3.396643426060593131e-07 -2.807044829219702151e-17
6.708607554685439027e+03 2.592052879578576007e-06 -4.121260105978532291e-18
