SIMP
Comment=built in dmfit
Origin= Saved by dmfit #20230120
NP=1024
X0=-252566
SW=499594
Sf=36.7499
TYPE=SPE
DATA
3.35843e-05	0
4.48181e-05	0
5.58185e-05	0
6.55877e-05	0
7.35858e-05	0
7.97935e-05	0
8.45591e-05	0
8.83636e-05	0
9.16368e-05	0
9.4676e-05	0
9.76493e-05	0
0.000100635	0
0.000103662	0
0.000106739	0
0.000109869	0
0.000113055	0
0.000116299	0
0.000119604	0
0.000122968	0
0.000126385	0
0.000129847	0
0.000133349	0
0.000136886	0
0.00014046	0
0.000144073	0
0.00014773	0
0.000151433	0
0.000155182	0
0.000158977	0
0.000162812	0
0.000166686	0
0.000170597	0
0.00017455	0
0.000178552	0
0.00018261	0
0.000186731	0
0.00019091	0
0.000195141	0
0.000199411	0
0.000203708	0
0.000208024	0
0.00021236	0
0.000216716	0
0.000221098	0
0.00022551	0
0.000229956	0
0.000234442	0
0.000238976	0
0.00024357	0
0.000248231	0
0.000252962	0
0.000257756	0
0.000262603	0
0.000267492	0
0.000272419	0
0.000277393	0
0.000282427	0
0.000287538	0
0.000292737	0
0.000298026	0
0.000303398	0
0.000308838	0
0.00031433	0
0.000319867	0
0.00032545	0
0.000331095	0
0.000336823	0
0.000342654	0
0.000348606	0
0.00035469	0
0.000360918	0
0.000367304	0
0.000373862	0
0.000380608	0
0.000387559	0
0.000394729	0
0.000402126	0
0.000409753	0
0.000417603	0
0.000425663	0
0.000433924	0
0.000442389	0
0.000451076	0
0.000460008	0
0.000469206	0
0.00047868	0
0.000488427	0
0.00049843	0
0.000508663	0
0.000519098	0
0.000529709	0
0.000540476	0
0.000551385	0
0.000562424	0
0.000573592	0
0.000584888	0
0.000596311	0
0.00060785	0
0.000619478	0
0.000631159	0
0.000642847	0
0.000654504	0
0.000666097	0
0.000677604	0
0.00068902	0
0.000700351	0
0.000711614	0
0.000722832	0
0.000734028	0
0.000745224	0
0.000756431	0
0.000767655	0
0.000778888	0
0.000790122	0
0.00080136	0
0.000812625	0
0.00082396	0
0.00083542	0
0.000847065	0
0.000858951	0
0.00087113	0
0.000883648	0
0.000896543	0
0.000909853	0
0.000923614	0
0.000937869	0
0.000952671	0
0.000968085	0
0.000984181	0
0.00100103	0
0.00101869	0
0.00103717	0
0.00105649	0
0.0010766	0
0.00109751	0
0.00111921	0
0.00114173	0
0.00116507	0
0.00118923	0
0.00121415	0
0.00123975	0
0.00126592	0
0.00129249	0
0.00131932	0
0.00134628	0
0.00137328	0
0.00140029	0
0.0014273	0
0.00145431	0
0.00148132	0
0.00150833	0
0.00153532	0
0.00156228	0
0.00158919	0
0.00161601	0
0.0016427	0
0.00166925	0
0.00169561	0
0.0017218	0
0.00174782	0
0.0017737	0
0.00179944	0
0.00182501	0
0.0018504	0
0.00187563	0
0.00190076	0
0.00192589	0
0.00195113	0
0.00197657	0
0.00200234	0
0.00202856	0
0.00205539	0
0.00208297	0
0.00211146	0
0.00214102	0
0.00217178	0
0.00220389	0
0.00223752	0
0.00227283	0
0.00230995	0
0.00234895	0
0.00238982	0
0.00243252	0
0.00247693	0
0.0025229	0
0.00257027	0
0.0026189	0
0.00266871	0
0.00271966	0
0.00277174	0
0.00282496	0
0.00287931	0
0.0029348	0
0.0029914	0
0.00304902	0
0.00310754	0
0.00316691	0
0.00322716	0
0.00328847	0
0.00335102	0
0.00341492	0
0.00348014	0
0.00354655	0
0.00361397	0
0.00368227	0
0.00375142	0
0.00382148	0
0.00389256	0
0.00396475	0
0.00403809	0
0.00411263	0
0.00418843	0
0.00426544	0
0.00434353	0
0.00442245	0
0.00450201	0
0.00458221	0
0.00466319	0
0.00474514	0
0.00482815	0
0.00491236	0
0.00499792	0
0.0050851	0
0.00517404	0
0.00526471	0
0.00535695	0
0.00545057	0
0.00554543	0
0.00564131	0
0.00573794	0
0.00583505	0
0.00593242	0
0.0060299	0
0.00612736	0
0.00622462	0
0.00632153	0
0.00641806	0
0.00651426	0
0.00661028	0
0.00670625	0
0.00680239	0
0.00689893	0
0.00699622	0
0.00709469	0
0.00719483	0
0.00729723	0
0.00740253	0
0.00751134	0
0.00762424	0
0.00774177	0
0.0078645	0
0.00799312	0
0.00812841	0
0.00827125	0
0.0084225	0
0.00858292	0
0.00875319	0
0.00893386	0
0.00912536	0
0.009328	0
0.00954187	0
0.00976678	0
0.0100023	0
0.0102477	0
0.010502	0
0.0107644	0
0.0110336	0
0.0113085	0
0.0115882	0
0.0118717	0
0.012158	0
0.0124463	0
0.0127358	0
0.0130254	0
0.0133143	0
0.0136013	0
0.0138853	0
0.014165	0
0.0144394	0
0.0147075	0
0.0149686	0
0.0152223	0
0.0154678	0
0.0157045	0
0.0159314	0
0.0161478	0
0.0163532	0
0.0165472	0
0.0167299	0
0.0169012	0
0.0170613	0
0.0172108	0
0.0173509	0
0.0174835	0
0.0176108	0
0.0177354	0
0.01786	0
0.017988	0
0.0181235	0
0.0182711	0
0.0184354	0
0.0186212	0
0.0188336	0
0.0190771	0
0.0193562	0
0.0196743	0
0.0200335	0
0.0204349	0
0.0208784	0
0.021363	0
0.021886	0
0.0224436	0
0.0230311	0
0.0236438	0
0.0242773	0
0.0249272	0
0.0255896	0
0.0262604	0
0.0269363	0
0.0276146	0
0.0282927	0
0.0289682	0
0.0296387	0
0.0303013	0
0.030953	0
0.031591	0
0.0322118	0
0.0328122	0
0.0333884	0
0.0339364	0
0.0344522	0
0.0349314	0
0.0353698	0
0.0357637	0
0.03611	0
0.036406	0
0.0366498	0
0.0368401	0
0.0369764	0
0.0370591	0
0.0370902	0
0.0370736	0
0.0370152	0
0.0369231	0
0.0368081	0
0.0366835	0
0.0365651	0
0.0364716	0
0.036423	0
0.0364402	0
0.0365424	0
0.0367452	0
0.0370587	0
0.0374861	0
0.0380234	0
0.0386601	0
0.0393809	0
0.0401684	0
0.0410058	0
0.0418787	0
0.0427766	0
0.0436928	0
0.0446234	0
0.0455668	0
0.0465227	0
0.0474917	0
0.048475	0
0.0494737	0
0.0504883	0
0.0515191	0
0.0525656	0
0.0536273	0
0.0547035	0
0.0557936	0
0.0568972	0
0.0580141	0
0.0591446	0
0.0602897	0
0.0614503	0
0.0626268	0
0.0638178	0
0.0650196	0
0.0662265	0
0.0674309	0
0.0686232	0
0.0697922	0
0.0709251	0
0.0720095	0
0.073036	0
0.0740017	0
0.0749125	0
0.0757852	0
0.0766494	0
0.0775459	0
0.0785229	0
0.0796272	0
0.0808929	0
0.082333	0
0.0839373	0
0.0856769	0
0.0875138	0
0.08941	0
0.0913339	0
0.0932624	0
0.0951802	0
0.0970768	0
0.0989437	0
0.100773	0
0.102555	0
0.104281	0
0.105943	0
0.10753	0
0.109036	0
0.110452	0
0.111771	0
0.112986	0
0.114093	0
0.115091	0
0.115981	0
0.116766	0
0.117454	0
0.118057	0
0.118591	0
0.119082	0
0.119561	0
0.120068	0
0.12065	0
0.12136	0
0.122258	0
0.123411	0
0.12489	0
0.126764	0
0.129096	0
0.131934	0
0.135304	0
0.139207	0
0.143619	0
0.148497	0
0.153787	0
0.159424	0
0.16535	0
0.171514	0
0.177876	0
0.184409	0
0.191093	0
0.197912	0
0.204849	0
0.211886	0
0.219	0
0.226165	0
0.233354	0
0.240534	0
0.247668	0
0.254717	0
0.261631	0
0.268353	0
0.274821	0
0.280966	0
0.286714	0
0.291992	0
0.296719	0
0.300812	0
0.30418	0
0.306731	0
0.30837	0
0.309008	0
0.308566	0
0.306986	0
0.304236	0
0.300336	0
0.295381	0
0.289576	0
0.283265	0
0.276943	0
0.271246	0
0.266905	0
0.264661	0
0.265141	0
0.268744	0
0.275565	0
0.285405	0
0.297852	0
0.312414	0
0.328628	0
0.346136	0
0.364705	0
0.384207	0
0.404594	0
0.425854	0
0.447995	0
0.471014	0
0.494902	0
0.519641	0
0.545214	0
0.571618	0
0.598851	0
0.626902	0
0.655734	0
0.68527	0
0.715394	0
0.745957	0
0.776775	0
0.80763	0
0.838252	0
0.868308	0
0.897363	0
0.924843	0
0.94997	0
0.971693	0
0.988603	0
0.998844	0
1	0
0.989039	0
0.96245	0
0.916775	0
0.849693	0
0.761467	0
0.656189	0
0.541963	0
0.429499	0
0.329384	0
0.249213	0
0.191896	0
0.155829	0
0.136536	0
0.128719	0
0.127796	0
0.130553	0
0.135084	0
0.140413	0
0.146099	0
0.151955	0
0.157901	0
0.163893	0
0.169891	0
0.175857	0
0.181743	0
0.187495	0
0.193046	0
0.198322	0
0.203237	0
0.207697	0
0.2116	0
0.214837	0
0.217288	0
0.218825	0
0.219311	0
0.218609	0
0.216582	0
0.213105	0
0.208077	0
0.201439	0
0.193199	0
0.183471	0
0.172506	0
0.160717	0
0.148681	0
0.137087	0
0.126651	0
0.117979	0
0.111452	0
0.10715	0
0.10487	0
0.104211	0
0.104697	0
0.105888	0
0.10744	0
0.109122	0
0.110789	0
0.112358	0
0.113781	0
0.11502	0
0.116045	0
0.116829	0
0.117346	0
0.117571	0
0.117483	0
0.117059	0
0.116275	0
0.115107	0
0.113529	0
0.111523	0
0.109074	0
0.106175	0
0.102829	0
0.0990482	0
0.0948577	0
0.0902941	0
0.0854089	0
0.0802691	0
0.074958	0
0.0695746	0
0.0642324	0
0.0590564	0
0.0541787	0
0.0497307	0
0.0458316	0
0.0425752	0
0.0400155	0
0.0381563	0
0.0369495	0
0.0363024	0
0.0360945	0
0.0361976	0
0.0364949	0
0.0368922	0
0.0373218	0
0.0377399	0
0.03812	0
0.038447	0
0.0387121	0
0.0389094	0
0.0390344	0
0.0390836	0
0.0390537	0
0.0389427	0
0.0387492	0
0.038473	0
0.0381148	0
0.0376766	0
0.0371613	0
0.0365731	0
0.0359173	0
0.0351996	0
0.0344261	0
0.0336031	0
0.0327367	0
0.0318325	0
0.0308954	0
0.0299287	0
0.0289346	0
0.0279129	0
0.026862	0
0.0257789	0
0.0246613	0
0.0235098	0
0.0223313	0
0.0211421	0
0.0199691	0
0.0188483	0
0.0178195	0
0.016918	0
0.0161658	0
0.0155657	0
0.0151017	0
0.0147441	0
0.0144587	0
0.0142139	0
0.0139856	0
0.0137583	0
0.0135235	0
0.0132777	0
0.0130202	0
0.0127517	0
0.0124737	0
0.012188	0
0.0118965	0
0.0116014	0
0.0113047	0
0.0110084	0
0.0107144	0
0.0104241	0
0.0101388	0
0.00985931	0
0.00958586	0
0.00931849	0
0.00905677	0
0.00879995	0
0.00854705	0
0.00829692	0
0.00804849	0
0.00780087	0
0.00755359	0
0.00730669	0
0.00706103	0
0.00681844	0
0.00658188	0
0.00635534	0
0.00614352	0
0.00595104	0
0.0057816	0
0.0056371	0
0.00551708	0
0.0054188	0
0.00533783	0
0.005269	0
0.00520734	0
0.00514879	0
0.00509046	0
0.0050306	0
0.00496826	0
0.00490306	0
0.00483486	0
0.00476362	0
0.0046893	0
0.00461179	0
0.00453094	0
0.00444658	0
0.00435853	0
0.00426659	0
0.00417061	0
0.00407042	0
0.00396587	0
0.00385686	0
0.00374337	0
0.00362545	0
0.00350328	0
0.00337721	0
0.00324782	0
0.00311596	0
0.00298273	0
0.00284948	0
0.00271777	0
0.00258932	0
0.00246592	0
0.00234933	0
0.00224118	0
0.00214286	0
0.00205541	0
0.00197935	0
0.00191456	0
0.00186028	0
0.00181516	0
0.00177751	0
0.0017455	0
0.00171747	0
0.00169203	0
0.00166813	0
0.00164504	0
0.00162228	0
0.0015995	0
0.00157649	0
0.00155306	0
0.00152907	0
0.00150442	0
0.001479	0
0.00145273	0
0.00142553	0
0.00139736	0
0.00136815	0
0.00133787	0
0.00130651	0
0.00127407	0
0.00124062	0
0.00120624	0
0.00117109	0
0.00113535	0
0.00109924	0
0.00106301	0
0.00102689	0
0.000991175	0
0.000956107	0
0.000921944	0
0.000888922	0
0.000857254	0
0.000827121	0
0.000798675	0
0.00077203	0
0.00074726	0
0.000724399	0
0.00070344	0
0.000684326	0
0.000666947	0
0.000651132	0
0.000636653	0
0.000623232	0
0.000610573	0
0.000598384	0
0.000586413	0
0.000574462	0
0.000562396	0
0.000550133	0
0.000537634	0
0.000524892	0
0.000511918	0
0.000498735	0
0.000485377	0
0.000471885	0
0.000458305	0
0.000444688	0
0.000431088	0
0.000417564	0
0.000404175	0
0.000390982	0
0.000378045	0
0.000365423	0
0.000353167	0
0.000341319	0
0.00032991	0
0.000318962	0
0.000308493	0
0.000298519	0
0.000289053	0
0.000280104	0
0.000271674	0
0.000263758	0
0.000256345	0
0.00024942	0
0.00024296	0
0.000236939	0
0.000231332	0
0.000226109	0
0.000221233	0
0.000216657	0
0.000212325	0
0.000208175	0
0.000204145	0
0.000200182	0
0.000196245	0
0.000192305	0
0.000188347	0
0.000184362	0
0.000180346	0
0.000176294	0
0.000172207	0
0.000168087	0
0.000163936	0
0.000159761	0
0.00015557	0
0.00015137	0
0.000147168	0
0.000142971	0
0.000138785	0
0.000134618	0
0.000130479	0
0.000126377	0
0.000122324	0
0.000118333	0
0.000114417	0
0.000110592	0
0.000106871	0
0.00010327	0
9.98011e-05	0
9.64761e-05	0
9.33045e-05	0
9.02929e-05	0
8.74458e-05	0
8.47652e-05	0
8.2251e-05	0
7.99008e-05	0
7.77079e-05	0
7.56618e-05	0
7.37475e-05	0
7.19472e-05	0
7.02417e-05	0
6.86122e-05	0
6.70413e-05	0
6.55141e-05	0
6.4019e-05	0
6.25465e-05	0
6.10899e-05	0
5.96444e-05	0
5.82069e-05	0
5.67759e-05	0
5.53509e-05	0
5.3932e-05	0
5.25198e-05	0
5.11151e-05	0
4.97197e-05	0
4.83354e-05	0
4.69648e-05	0
4.56107e-05	0
4.42762e-05	0
4.2965e-05	0
4.16805e-05	0
4.04265e-05	0
3.92061e-05	0
3.80221e-05	0
3.68766e-05	0
3.57707e-05	0
3.47043e-05	0
3.36767e-05	0
3.26875e-05	0
3.17364e-05	0
3.08237e-05	0
2.99498e-05	0
2.91147e-05	0
2.83185e-05	0
2.75602e-05	0
2.68384e-05	0
2.61506e-05	0
2.54935e-05	0
2.48632e-05	0
2.42556e-05	0
2.36671e-05	0
2.3094e-05	0
2.2533e-05	0
2.19813e-05	0
2.14364e-05	0
2.08964e-05	0
2.03601e-05	0
1.98274e-05	0
1.92987e-05	0
1.87748e-05	0
1.82564e-05	0
1.77444e-05	0
1.72395e-05	0
1.67424e-05	0
1.62542e-05	0
1.5776e-05	0
1.53086e-05	0
1.4853e-05	0
1.44096e-05	0
1.39785e-05	0
1.35598e-05	0
1.31534e-05	0
1.2759e-05	0
1.23766e-05	0
1.2006e-05	0
1.16473e-05	0
1.13005e-05	0
1.0966e-05	0
1.06442e-05	0
1.03354e-05	0
1.00397e-05	0
9.75731e-06	0
9.48772e-06	0
9.23025e-06	0
8.98384e-06	0
8.74732e-06	0
8.51958e-06	0
8.29968e-06	0
8.08684e-06	0
7.88035e-06	0
7.67964e-06	0
7.48427e-06	0
7.29392e-06	0
7.10833e-06	0
6.92724e-06	0
6.75036e-06	0
6.57739e-06	0
6.40803e-06	0
6.24196e-06	0
6.07892e-06	0
5.91863e-06	0
5.76084e-06	0
5.60528e-06	0
5.45166e-06	0
5.29973e-06	0
5.14932e-06	0
5.00037e-06	0
4.85292e-06	0
4.70707e-06	0
4.56297e-06	0
4.42085e-06	0
4.28104e-06	0
4.14393e-06	0
4.01e-06	0
3.87967e-06	0
3.75333e-06	0
3.63125e-06	0
3.51354e-06	0
3.40018e-06	0
3.29104e-06	0
3.18596e-06	0
3.0848e-06	0
2.98741e-06	0
2.89367e-06	0
2.80342e-06	0
2.71649e-06	0
2.63271e-06	0
2.55193e-06	0
2.47393e-06	0
2.39852e-06	0
2.32544e-06	0
2.25444e-06	0
2.18524e-06	0
2.11762e-06	0
2.05136e-06	0
1.98625e-06	0
1.92214e-06	0
1.85886e-06	0
1.79632e-06	0
1.73447e-06	0
1.67332e-06	0
1.61288e-06	0
1.5532e-06	0
1.4943e-06	0
1.43621e-06	0
1.37901e-06	0
1.32281e-06	0
1.26778e-06	0
1.21414e-06	0
1.16211e-06	0
1.11187e-06	0
1.06357e-06	0
1.01731e-06	0
9.73137e-07	0
9.31041e-07	0
8.90994e-07	0
8.52928e-07	0
8.16755e-07	0
7.8237e-07	0
7.49657e-07	0
7.18499e-07	0
6.88779e-07	0
6.60391e-07	0
6.33248e-07	0
6.07285e-07	0
5.8245e-07	0
5.5869e-07	0
5.35941e-07	0
5.14116e-07	0
4.93118e-07	0
4.72842e-07	0
4.53192e-07	0
4.34087e-07	0
4.15468e-07	0
3.97298e-07	0
3.7956e-07	0
3.62265e-07	0
3.45478e-07	0
3.29482e-07	0
3.15387e-07	0
3.07193e-07	0
3.17716e-07	0
3.82889e-07	0
5.90196e-07	0
1.12288e-06	0
2.30699e-06	0
4.62453e-06	0
8.64116e-06	0
1.48209e-05	0
2.3276e-05	0
END
