-3.398603355884929897e+03	3.358430000000000302e-05	0.000000000000000000e+00
-3.391965458705466972e+03	4.481809999999999700e-05	0.000000000000000000e+00
-3.385327561526004047e+03	5.581850000000000098e-05	0.000000000000000000e+00
-3.378689664346541576e+03	6.558770000000000225e-05	0.000000000000000000e+00
-3.372051767167078651e+03	7.358579999999999603e-05	0.000000000000000000e+00
-3.365413869987615726e+03	7.979349999999999421e-05	0.000000000000000000e+00
-3.358775972808153256e+03	8.455909999999999479e-05	0.000000000000000000e+00
-3.352138075628690331e+03	8.836359999999999538e-05	0.000000000000000000e+00
-3.345500178449227860e+03	9.163680000000000328e-05	0.000000000000000000e+00
-3.338862281269764935e+03	9.467599999999999952e-05	0.000000000000000000e+00
-3.332224384090302010e+03	9.764929999999999357e-05	0.000000000000000000e+00
-3.325586486910839540e+03	1.006350000000000013e-04	0.000000000000000000e+00
-3.318948589731376615e+03	1.036619999999999979e-04	0.000000000000000000e+00
-3.312310692551913689e+03	1.067389999999999957e-04	0.000000000000000000e+00
-3.305672795372451219e+03	1.098690000000000013e-04	0.000000000000000000e+00
-3.299034898192988294e+03	1.130549999999999941e-04	0.000000000000000000e+00
-3.292397001013525824e+03	1.162990000000000058e-04	0.000000000000000000e+00
-3.285759103834062898e+03	1.196040000000000021e-04	0.000000000000000000e+00
-3.279121206654599973e+03	1.229679999999999922e-04	0.000000000000000000e+00
-3.272483309475137503e+03	1.263849999999999902e-04	0.000000000000000000e+00
-3.265845412295674578e+03	1.298469999999999919e-04	0.000000000000000000e+00
-3.259207515116212107e+03	1.333490000000000001e-04	0.000000000000000000e+00
-3.252569617936749182e+03	1.368859999999999901e-04	0.000000000000000000e+00
-3.245931720757286257e+03	1.404599999999999935e-04	0.000000000000000000e+00
-3.239293823577823787e+03	1.440729999999999875e-04	0.000000000000000000e+00
-3.232655926398360862e+03	1.477299999999999967e-04	0.000000000000000000e+00
-3.226018029218897937e+03	1.514329999999999984e-04	0.000000000000000000e+00
-3.219380132039435466e+03	1.551819999999999925e-04	0.000000000000000000e+00
-3.212742234859972541e+03	1.589770000000000061e-04	0.000000000000000000e+00
-3.206104337680510071e+03	1.628119999999999990e-04	0.000000000000000000e+00
-3.199466440501047146e+03	1.666860000000000097e-04	0.000000000000000000e+00
-3.192828543321584220e+03	1.705970000000000067e-04	0.000000000000000000e+00
-3.186190646142121750e+03	1.745499999999999873e-04	0.000000000000000000e+00
-3.179552748962658825e+03	1.785520000000000076e-04	0.000000000000000000e+00
-3.172914851783195900e+03	1.826099999999999880e-04	0.000000000000000000e+00
-3.166276954603733429e+03	1.867310000000000118e-04	0.000000000000000000e+00
-3.159639057424270504e+03	1.909100000000000001e-04	0.000000000000000000e+00
-3.153001160244808034e+03	1.951409999999999939e-04	0.000000000000000000e+00
-3.146363263065345109e+03	1.994110000000000056e-04	0.000000000000000000e+00
-3.139725365885882184e+03	2.037080000000000086e-04	0.000000000000000000e+00
-3.133087468706419713e+03	2.080240000000000127e-04	0.000000000000000000e+00
-3.126449571526956788e+03	2.123600000000000064e-04	0.000000000000000000e+00
-3.119811674347493863e+03	2.167159999999999898e-04	0.000000000000000000e+00
-3.113173777168031393e+03	2.210980000000000031e-04	0.000000000000000000e+00
-3.106535879988568468e+03	2.255100000000000008e-04	0.000000000000000000e+00
-3.099897982809105997e+03	2.299559999999999918e-04	0.000000000000000000e+00
-3.093260085629643072e+03	2.344419999999999892e-04	0.000000000000000000e+00
-3.086622188450180147e+03	2.389760000000000105e-04	0.000000000000000000e+00
-3.079984291270717677e+03	2.435700000000000007e-04	0.000000000000000000e+00
-3.073346394091254751e+03	2.482310000000000159e-04	0.000000000000000000e+00
-3.066708496911792281e+03	2.529620000000000219e-04	0.000000000000000000e+00
-3.060070599732329356e+03	2.577559999999999899e-04	0.000000000000000000e+00
-3.053432702552866431e+03	2.626029999999999792e-04	0.000000000000000000e+00
-3.046794805373403960e+03	2.674919999999999794e-04	0.000000000000000000e+00
-3.040156908193941035e+03	2.724189999999999815e-04	0.000000000000000000e+00
-3.033519011014478110e+03	2.773930000000000189e-04	0.000000000000000000e+00
-3.026881113835015640e+03	2.824270000000000252e-04	0.000000000000000000e+00
-3.020243216655552715e+03	2.875379999999999972e-04	0.000000000000000000e+00
-3.013605319476090244e+03	2.927369999999999994e-04	0.000000000000000000e+00
-3.006967422296627319e+03	2.980260000000000092e-04	0.000000000000000000e+00
-3.000329525117164394e+03	3.033980000000000249e-04	0.000000000000000000e+00
-2.993691627937701924e+03	3.088380000000000270e-04	0.000000000000000000e+00
-2.987053730758238999e+03	3.143299999999999805e-04	0.000000000000000000e+00
-2.980415833578776073e+03	3.198669999999999920e-04	0.000000000000000000e+00
-2.973777936399313603e+03	3.254500000000000231e-04	0.000000000000000000e+00
-2.967140039219850678e+03	3.310950000000000004e-04	0.000000000000000000e+00
-2.960502142040388208e+03	3.368229999999999835e-04	0.000000000000000000e+00
-2.953864244860925282e+03	3.426540000000000163e-04	0.000000000000000000e+00
-2.947226347681462357e+03	3.486060000000000027e-04	0.000000000000000000e+00
-2.940588450501999887e+03	3.546900000000000074e-04	0.000000000000000000e+00
-2.933950553322536962e+03	3.609180000000000027e-04	0.000000000000000000e+00
-2.927312656143074037e+03	3.673039999999999920e-04	0.000000000000000000e+00
-2.920674758963611566e+03	3.738619999999999791e-04	0.000000000000000000e+00
-2.914036861784148641e+03	3.806079999999999988e-04	0.000000000000000000e+00
-2.907398964604686171e+03	3.875589999999999938e-04	0.000000000000000000e+00
-2.900761067425223246e+03	3.947290000000000217e-04	0.000000000000000000e+00
-2.894123170245760321e+03	4.021259999999999917e-04	0.000000000000000000e+00
-2.887485273066297850e+03	4.097530000000000052e-04	0.000000000000000000e+00
-2.880847375886834925e+03	4.176030000000000063e-04	0.000000000000000000e+00
-2.874209478707372455e+03	4.256630000000000071e-04	0.000000000000000000e+00
-2.867571581527909530e+03	4.339239999999999742e-04	0.000000000000000000e+00
-2.860933684348446604e+03	4.423890000000000092e-04	0.000000000000000000e+00
-2.854295787168984134e+03	4.510760000000000160e-04	0.000000000000000000e+00
-2.847657889989521209e+03	4.600079999999999772e-04	0.000000000000000000e+00
-2.841019992810058284e+03	4.692060000000000067e-04	0.000000000000000000e+00
-2.834382095630595813e+03	4.786799999999999909e-04	0.000000000000000000e+00
-2.827744198451132888e+03	4.884270000000000451e-04	0.000000000000000000e+00
-2.821106301271670418e+03	4.984300000000000102e-04	0.000000000000000000e+00
-2.814468404092207493e+03	5.086630000000000188e-04	0.000000000000000000e+00
-2.807830506912744568e+03	5.190979999999999553e-04	0.000000000000000000e+00
-2.801192609733282097e+03	5.297089999999999525e-04	0.000000000000000000e+00
-2.794554712553819172e+03	5.404760000000000206e-04	0.000000000000000000e+00
-2.787916815374356247e+03	5.513850000000000478e-04	0.000000000000000000e+00
-2.781278918194893777e+03	5.624239999999999535e-04	0.000000000000000000e+00
-2.774641021015430852e+03	5.735920000000000471e-04	0.000000000000000000e+00
-2.768003123835968381e+03	5.848879999999999878e-04	0.000000000000000000e+00
-2.761365226656505456e+03	5.963109999999999765e-04	0.000000000000000000e+00
-2.754727329477042531e+03	6.078499999999999485e-04	0.000000000000000000e+00
-2.748089432297580061e+03	6.194780000000000208e-04	0.000000000000000000e+00
-2.741451535118117135e+03	6.311589999999999518e-04	0.000000000000000000e+00
-2.734813637938654210e+03	6.428469999999999931e-04	0.000000000000000000e+00
-2.728175740759191740e+03	6.545039999999999799e-04	0.000000000000000000e+00
-2.721537843579728815e+03	6.660970000000000432e-04	0.000000000000000000e+00
-2.714899946400266344e+03	6.776040000000000535e-04	0.000000000000000000e+00
-2.708262049220803419e+03	6.890200000000000404e-04	0.000000000000000000e+00
-2.701624152041340494e+03	7.003509999999999900e-04	0.000000000000000000e+00
-2.694986254861878024e+03	7.116139999999999532e-04	0.000000000000000000e+00
-2.688348357682415099e+03	7.228319999999999667e-04	0.000000000000000000e+00
-2.681710460502952628e+03	7.340279999999999591e-04	0.000000000000000000e+00
-2.675072563323489703e+03	7.452239999999999516e-04	0.000000000000000000e+00
-2.668434666144026778e+03	7.564310000000000088e-04	0.000000000000000000e+00
-2.661796768964564308e+03	7.676550000000000084e-04	0.000000000000000000e+00
-2.655158871785101383e+03	7.788880000000000412e-04	0.000000000000000000e+00
-2.648520974605638457e+03	7.901219999999999815e-04	0.000000000000000000e+00
-2.641883077426175987e+03	8.013599999999999847e-04	0.000000000000000000e+00
-2.635245180246713062e+03	8.126249999999999793e-04	0.000000000000000000e+00
-2.628607283067250592e+03	8.239599999999999919e-04	0.000000000000000000e+00
-2.621969385887787666e+03	8.354200000000000211e-04	0.000000000000000000e+00
-2.615331488708324741e+03	8.470650000000000358e-04	0.000000000000000000e+00
-2.608693591528862271e+03	8.589510000000000504e-04	0.000000000000000000e+00
-2.602055694349399346e+03	8.711300000000000163e-04	0.000000000000000000e+00
-2.595417797169936421e+03	8.836480000000000072e-04	0.000000000000000000e+00
-2.588779899990473950e+03	8.965429999999999710e-04	0.000000000000000000e+00
-2.582142002811011025e+03	9.098529999999999639e-04	0.000000000000000000e+00
-2.575504105631548555e+03	9.236140000000000105e-04	0.000000000000000000e+00
-2.568866208452085630e+03	9.378690000000000290e-04	0.000000000000000000e+00
-2.562228311272622705e+03	9.526709999999999866e-04	0.000000000000000000e+00
-2.555590414093160234e+03	9.680850000000000392e-04	0.000000000000000000e+00
-2.548952516913697309e+03	9.841809999999999881e-04	0.000000000000000000e+00
-2.542314619734234384e+03	1.001029999999999975e-03	0.000000000000000000e+00
-2.535676722554771914e+03	1.018690000000000047e-03	0.000000000000000000e+00
-2.529038825375308988e+03	1.037170000000000019e-03	0.000000000000000000e+00
-2.522400928195846518e+03	1.056489999999999990e-03	0.000000000000000000e+00
-2.515763031016383593e+03	1.076600000000000040e-03	0.000000000000000000e+00
-2.509125133836920668e+03	1.097509999999999892e-03	0.000000000000000000e+00
-2.502487236657458197e+03	1.119210000000000040e-03	0.000000000000000000e+00
-2.495849339477995272e+03	1.141730000000000089e-03	0.000000000000000000e+00
-2.489211442298532802e+03	1.165070000000000038e-03	0.000000000000000000e+00
-2.482573545119069877e+03	1.189230000000000105e-03	0.000000000000000000e+00
-2.475935647939606952e+03	1.214149999999999995e-03	0.000000000000000000e+00
-2.469297750760144481e+03	1.239749999999999967e-03	0.000000000000000000e+00
-2.462659853580681556e+03	1.265920000000000023e-03	0.000000000000000000e+00
-2.456021956401218631e+03	1.292490000000000088e-03	0.000000000000000000e+00
-2.449384059221756161e+03	1.319319999999999911e-03	0.000000000000000000e+00
-2.442746162042293236e+03	1.346280000000000046e-03	0.000000000000000000e+00
-2.436108264862830765e+03	1.373279999999999943e-03	0.000000000000000000e+00
-2.429470367683367840e+03	1.400289999999999998e-03	0.000000000000000000e+00
-2.422832470503904915e+03	1.427300000000000053e-03	0.000000000000000000e+00
-2.416194573324442445e+03	1.454310000000000108e-03	0.000000000000000000e+00
-2.409556676144979519e+03	1.481319999999999946e-03	0.000000000000000000e+00
-2.402918778965516594e+03	1.508330000000000001e-03	0.000000000000000000e+00
-2.396280881786054124e+03	1.535319999999999957e-03	0.000000000000000000e+00
-2.389642984606591199e+03	1.562280000000000092e-03	0.000000000000000000e+00
-2.383005087427128728e+03	1.589190000000000090e-03	0.000000000000000000e+00
-2.376367190247665803e+03	1.616009999999999973e-03	0.000000000000000000e+00
-2.369729293068202878e+03	1.642699999999999976e-03	0.000000000000000000e+00
-2.363091395888740408e+03	1.669249999999999944e-03	0.000000000000000000e+00
-2.356453498709277483e+03	1.695609999999999956e-03	0.000000000000000000e+00
-2.349815601529815012e+03	1.721799999999999893e-03	0.000000000000000000e+00
-2.343177704350352087e+03	1.747819999999999973e-03	0.000000000000000000e+00
-2.336539807170889162e+03	1.773700000000000016e-03	0.000000000000000000e+00
-2.329901909991426692e+03	1.799440000000000024e-03	0.000000000000000000e+00
-2.323264012811963767e+03	1.825009999999999957e-03	0.000000000000000000e+00
-2.316626115632500841e+03	1.850400000000000092e-03	0.000000000000000000e+00
-2.309988218453038371e+03	1.875630000000000092e-03	0.000000000000000000e+00
-2.303350321273575446e+03	1.900760000000000036e-03	0.000000000000000000e+00
-2.296712424094112976e+03	1.925889999999999980e-03	0.000000000000000000e+00
-2.290074526914650050e+03	1.951129999999999922e-03	0.000000000000000000e+00
-2.283436629735187125e+03	1.976569999999999976e-03	0.000000000000000000e+00
-2.276798732555724655e+03	2.002340000000000023e-03	0.000000000000000000e+00
-2.270160835376261730e+03	2.028559999999999999e-03	0.000000000000000000e+00
-2.263522938196798805e+03	2.055389999999999821e-03	0.000000000000000000e+00
-2.256885041017336334e+03	2.082969999999999960e-03	0.000000000000000000e+00
-2.250247143837873409e+03	2.111459999999999899e-03	0.000000000000000000e+00
-2.243609246658410939e+03	2.141019999999999989e-03	0.000000000000000000e+00
-2.236971349478948014e+03	2.171779999999999891e-03	0.000000000000000000e+00
-2.230333452299485089e+03	2.203890000000000016e-03	0.000000000000000000e+00
-2.223695555120022618e+03	2.237519999999999787e-03	0.000000000000000000e+00
-2.217057657940559693e+03	2.272829999999999989e-03	0.000000000000000000e+00
-2.210419760761096768e+03	2.309949999999999851e-03	0.000000000000000000e+00
-2.203781863581634298e+03	2.348949999999999823e-03	0.000000000000000000e+00
-2.197143966402171372e+03	2.389819999999999965e-03	0.000000000000000000e+00
-2.190506069222708902e+03	2.432520000000000081e-03	0.000000000000000000e+00
-2.183868172043245977e+03	2.476930000000000017e-03	0.000000000000000000e+00
-2.177230274863783052e+03	2.522899999999999796e-03	0.000000000000000000e+00
-2.170592377684320581e+03	2.570269999999999933e-03	0.000000000000000000e+00
-2.163954480504857656e+03	2.618899999999999961e-03	0.000000000000000000e+00
-2.157316583325395186e+03	2.668709999999999919e-03	0.000000000000000000e+00
-2.150678686145932261e+03	2.719660000000000046e-03	0.000000000000000000e+00
-2.144040788966469336e+03	2.771739999999999968e-03	0.000000000000000000e+00
-2.137402891787006865e+03	2.824960000000000058e-03	0.000000000000000000e+00
-2.130764994607543940e+03	2.879309999999999942e-03	0.000000000000000000e+00
-2.124127097428081015e+03	2.934799999999999996e-03	0.000000000000000000e+00
-2.117489200248618545e+03	2.991399999999999962e-03	0.000000000000000000e+00
-2.110851303069155620e+03	3.049019999999999942e-03	0.000000000000000000e+00
-2.104213405889693149e+03	3.107540000000000215e-03	0.000000000000000000e+00
-2.097575508710230224e+03	3.166910000000000211e-03	0.000000000000000000e+00
-2.090937611530767299e+03	3.227160000000000185e-03	0.000000000000000000e+00
-2.084299714351304829e+03	3.288469999999999935e-03	0.000000000000000000e+00
-2.077661817171841903e+03	3.351020000000000127e-03	0.000000000000000000e+00
-2.071023919992378978e+03	3.414920000000000108e-03	0.000000000000000000e+00
-2.064386022812916508e+03	3.480140000000000056e-03	0.000000000000000000e+00
-2.057748125633453583e+03	3.546549999999999876e-03	0.000000000000000000e+00
-2.051110228453991112e+03	3.613970000000000203e-03	0.000000000000000000e+00
-2.044472331274528187e+03	3.682270000000000074e-03	0.000000000000000000e+00
-2.037834434095065490e+03	3.751420000000000102e-03	0.000000000000000000e+00
-2.031196536915602564e+03	3.821479999999999929e-03	0.000000000000000000e+00
-2.024558639736139867e+03	3.892560000000000204e-03	0.000000000000000000e+00
-2.017920742556677169e+03	3.964750000000000392e-03	0.000000000000000000e+00
-2.011282845377214471e+03	4.038090000000000256e-03	0.000000000000000000e+00
-2.004644948197751546e+03	4.112629999999999932e-03	0.000000000000000000e+00
-1.998007051018288848e+03	4.188429999999999931e-03	0.000000000000000000e+00
-1.991369153838826151e+03	4.265439999999999683e-03	0.000000000000000000e+00
-1.984731256659363453e+03	4.343529999999999960e-03	0.000000000000000000e+00
-1.978093359479900755e+03	4.422449999999999645e-03	0.000000000000000000e+00
-1.971455462300437830e+03	4.502009999999999866e-03	0.000000000000000000e+00
-1.964817565120975132e+03	4.582209999999999755e-03	0.000000000000000000e+00
-1.958179667941512434e+03	4.663190000000000217e-03	0.000000000000000000e+00
-1.951541770762049737e+03	4.745140000000000122e-03	0.000000000000000000e+00
-1.944903873582586812e+03	4.828149999999999803e-03	0.000000000000000000e+00
-1.938265976403124114e+03	4.912360000000000164e-03	0.000000000000000000e+00
-1.931628079223661416e+03	4.997920000000000314e-03	0.000000000000000000e+00
-1.924990182044198718e+03	5.085100000000000384e-03	0.000000000000000000e+00
-1.918352284864735793e+03	5.174040000000000410e-03	0.000000000000000000e+00
-1.911714387685273095e+03	5.264709999999999702e-03	0.000000000000000000e+00
-1.905076490505810398e+03	5.356950000000000080e-03	0.000000000000000000e+00
-1.898438593326347700e+03	5.450570000000000068e-03	0.000000000000000000e+00
-1.891800696146884775e+03	5.545429999999999630e-03	0.000000000000000000e+00
-1.885162798967422077e+03	5.641310000000000074e-03	0.000000000000000000e+00
-1.878524901787959379e+03	5.737940000000000401e-03	0.000000000000000000e+00
-1.871887004608496682e+03	5.835049999999999612e-03	0.000000000000000000e+00
-1.865249107429033756e+03	5.932419999999999881e-03	0.000000000000000000e+00
-1.858611210249571059e+03	6.029900000000000364e-03	0.000000000000000000e+00
-1.851973313070108361e+03	6.127360000000000098e-03	0.000000000000000000e+00
-1.845335415890645663e+03	6.224620000000000153e-03	0.000000000000000000e+00
-1.838697518711182738e+03	6.321529999999999684e-03	0.000000000000000000e+00
-1.832059621531720040e+03	6.418059999999999737e-03	0.000000000000000000e+00
-1.825421724352257343e+03	6.514260000000000016e-03	0.000000000000000000e+00
-1.818783827172794645e+03	6.610279999999999628e-03	0.000000000000000000e+00
-1.812145929993331720e+03	6.706250000000000405e-03	0.000000000000000000e+00
-1.805508032813869022e+03	6.802390000000000173e-03	0.000000000000000000e+00
-1.798870135634406324e+03	6.898930000000000166e-03	0.000000000000000000e+00
-1.792232238454943626e+03	6.996220000000000043e-03	0.000000000000000000e+00
-1.785594341275480929e+03	7.094689999999999851e-03	0.000000000000000000e+00
-1.778956444096017776e+03	7.194830000000000149e-03	0.000000000000000000e+00
-1.772318546916555078e+03	7.297230000000000036e-03	0.000000000000000000e+00
-1.765680649737092381e+03	7.402530000000000047e-03	0.000000000000000000e+00
-1.759042752557629683e+03	7.511340000000000031e-03	0.000000000000000000e+00
-1.752404855378166758e+03	7.624240000000000010e-03	0.000000000000000000e+00
-1.745766958198704060e+03	7.741770000000000249e-03	0.000000000000000000e+00
-1.739129061019241362e+03	7.864499999999999963e-03	0.000000000000000000e+00
-1.732491163839778665e+03	7.993119999999999392e-03	0.000000000000000000e+00
-1.725853266660315740e+03	8.128410000000000843e-03	0.000000000000000000e+00
-1.719215369480853042e+03	8.271250000000000824e-03	0.000000000000000000e+00
-1.712577472301390344e+03	8.422499999999999432e-03	0.000000000000000000e+00
-1.705939575121927646e+03	8.582920000000000826e-03	0.000000000000000000e+00
-1.699301677942464949e+03	8.753189999999999235e-03	0.000000000000000000e+00
-1.692663780763002023e+03	8.933860000000000065e-03	0.000000000000000000e+00
-1.686025883583539326e+03	9.125360000000000762e-03	0.000000000000000000e+00
-1.679387986404076628e+03	9.327999999999999486e-03	0.000000000000000000e+00
-1.672750089224613930e+03	9.541869999999999172e-03	0.000000000000000000e+00
-1.666112192045151005e+03	9.766779999999999212e-03	0.000000000000000000e+00
-1.659474294865688307e+03	1.000230000000000043e-02	0.000000000000000000e+00
-1.652836397686225610e+03	1.024770000000000021e-02	0.000000000000000000e+00
-1.646198500506762912e+03	1.050199999999999918e-02	0.000000000000000000e+00
-1.639560603327299987e+03	1.076440000000000036e-02	0.000000000000000000e+00
-1.632922706147837289e+03	1.103359999999999931e-02	0.000000000000000000e+00
-1.626284808968374591e+03	1.130850000000000084e-02	0.000000000000000000e+00
-1.619646911788911893e+03	1.158819999999999989e-02	0.000000000000000000e+00
-1.613009014609448968e+03	1.187170000000000065e-02	0.000000000000000000e+00
-1.606371117429986271e+03	1.215800000000000040e-02	0.000000000000000000e+00
-1.599733220250523573e+03	1.244630000000000042e-02	0.000000000000000000e+00
-1.593095323071060875e+03	1.273580000000000025e-02	0.000000000000000000e+00
-1.586457425891597950e+03	1.302539999999999948e-02	0.000000000000000000e+00
-1.579819528712135252e+03	1.331429999999999940e-02	0.000000000000000000e+00
-1.573181631532672554e+03	1.360130000000000020e-02	0.000000000000000000e+00
-1.566543734353209857e+03	1.388529999999999973e-02	0.000000000000000000e+00
-1.559905837173746932e+03	1.416500000000000051e-02	0.000000000000000000e+00
-1.553267939994284234e+03	1.443939999999999980e-02	0.000000000000000000e+00
-1.546630042814821536e+03	1.470750000000000009e-02	0.000000000000000000e+00
-1.539992145635358838e+03	1.496860000000000031e-02	0.000000000000000000e+00
-1.533354248455896141e+03	1.522229999999999937e-02	0.000000000000000000e+00
-1.526716351276433215e+03	1.546780000000000030e-02	0.000000000000000000e+00
-1.520078454096970518e+03	1.570449999999999971e-02	0.000000000000000000e+00
-1.513440556917507820e+03	1.593139999999999834e-02	0.000000000000000000e+00
-1.506802659738045122e+03	1.614780000000000035e-02	0.000000000000000000e+00
-1.500164762558582197e+03	1.635319999999999829e-02	0.000000000000000000e+00
-1.493526865379119499e+03	1.654720000000000149e-02	0.000000000000000000e+00
-1.486888968199656802e+03	1.672989999999999894e-02	0.000000000000000000e+00
-1.480251071020194104e+03	1.690120000000000164e-02	0.000000000000000000e+00
-1.473613173840731179e+03	1.706130000000000146e-02	0.000000000000000000e+00
-1.466975276661268481e+03	1.721079999999999832e-02	0.000000000000000000e+00
-1.460337379481805783e+03	1.735089999999999896e-02	0.000000000000000000e+00
-1.453699482302343085e+03	1.748349999999999904e-02	0.000000000000000000e+00
-1.447061585122880160e+03	1.761079999999999937e-02	0.000000000000000000e+00
-1.440423687943417463e+03	1.773539999999999839e-02	0.000000000000000000e+00
-1.433785790763954765e+03	1.786000000000000087e-02	0.000000000000000000e+00
-1.427147893584492067e+03	1.798800000000000052e-02	0.000000000000000000e+00
-1.420509996405029142e+03	1.812350000000000072e-02	0.000000000000000000e+00
-1.413872099225566444e+03	1.827109999999999845e-02	0.000000000000000000e+00
-1.407234202046103746e+03	1.843540000000000109e-02	0.000000000000000000e+00
-1.400596304866641049e+03	1.862120000000000095e-02	0.000000000000000000e+00
-1.393958407687178124e+03	1.883359999999999895e-02	0.000000000000000000e+00
-1.387320510507715426e+03	1.907709999999999961e-02	0.000000000000000000e+00
-1.380682613328252728e+03	1.935620000000000049e-02	0.000000000000000000e+00
-1.374044716148790030e+03	1.967429999999999873e-02	0.000000000000000000e+00
-1.367406818969327105e+03	2.003349999999999922e-02	0.000000000000000000e+00
-1.360768921789864407e+03	2.043489999999999890e-02	0.000000000000000000e+00
-1.354131024610401710e+03	2.087839999999999835e-02	0.000000000000000000e+00
-1.347493127430939012e+03	2.136300000000000004e-02	0.000000000000000000e+00
-1.340855230251476314e+03	2.188599999999999920e-02	0.000000000000000000e+00
-1.334217333072013389e+03	2.244360000000000105e-02	0.000000000000000000e+00
-1.327579435892550691e+03	2.303109999999999880e-02	0.000000000000000000e+00
-1.320941538713087994e+03	2.364379999999999954e-02	0.000000000000000000e+00
-1.314303641533625296e+03	2.427730000000000166e-02	0.000000000000000000e+00
-1.307665744354162371e+03	2.492720000000000005e-02	0.000000000000000000e+00
-1.301027847174699673e+03	2.558960000000000054e-02	0.000000000000000000e+00
-1.294389949995236975e+03	2.626039999999999972e-02	0.000000000000000000e+00
-1.287752052815774277e+03	2.693629999999999983e-02	0.000000000000000000e+00
-1.281114155636311352e+03	2.761459999999999956e-02	0.000000000000000000e+00
-1.274476258456848655e+03	2.829270000000000049e-02	0.000000000000000000e+00
-1.267838361277385957e+03	2.896819999999999951e-02	0.000000000000000000e+00
-1.261200464097923259e+03	2.963870000000000046e-02	0.000000000000000000e+00
-1.254562566918460334e+03	3.030129999999999976e-02	0.000000000000000000e+00
-1.247924669738997636e+03	3.095300000000000135e-02	0.000000000000000000e+00
-1.241286772559534938e+03	3.159100000000000102e-02	0.000000000000000000e+00
-1.234648875380072241e+03	3.221179999999999877e-02	0.000000000000000000e+00
-1.228010978200609316e+03	3.281219999999999970e-02	0.000000000000000000e+00
-1.221373081021146618e+03	3.338839999999999864e-02	0.000000000000000000e+00
-1.214735183841683920e+03	3.393639999999999851e-02	0.000000000000000000e+00
-1.208097286662221222e+03	3.445220000000000227e-02	0.000000000000000000e+00
-1.201459389482758297e+03	3.493140000000000134e-02	0.000000000000000000e+00
-1.194821492303295599e+03	3.536979999999999985e-02	0.000000000000000000e+00
-1.188183595123832902e+03	3.576370000000000243e-02	0.000000000000000000e+00
-1.181545697944370204e+03	3.611000000000000321e-02	0.000000000000000000e+00
-1.174907800764907506e+03	3.640600000000000086e-02	0.000000000000000000e+00
-1.168269903585444581e+03	3.664980000000000321e-02	0.000000000000000000e+00
-1.161632006405981883e+03	3.684010000000000062e-02	0.000000000000000000e+00
-1.154994109226519186e+03	3.697639999999999955e-02	0.000000000000000000e+00
-1.148356212047056488e+03	3.705909999999999760e-02	0.000000000000000000e+00
-1.141718314867593563e+03	3.709019999999999678e-02	0.000000000000000000e+00
-1.135080417688130865e+03	3.707359999999999822e-02	0.000000000000000000e+00
-1.128442520508668167e+03	3.701519999999999810e-02	0.000000000000000000e+00
-1.121804623329205469e+03	3.692310000000000036e-02	0.000000000000000000e+00
-1.115166726149742544e+03	3.680810000000000332e-02	0.000000000000000000e+00
-1.108528828970279847e+03	3.668350000000000083e-02	0.000000000000000000e+00
-1.101890931790817149e+03	3.656510000000000316e-02	0.000000000000000000e+00
-1.095253034611354451e+03	3.647159999999999985e-02	0.000000000000000000e+00
-1.088615137431891526e+03	3.642299999999999705e-02	0.000000000000000000e+00
-1.081977240252428828e+03	3.644019999999999898e-02	0.000000000000000000e+00
-1.075339343072966130e+03	3.654240000000000266e-02	0.000000000000000000e+00
-1.068701445893503433e+03	3.674519999999999870e-02	0.000000000000000000e+00
-1.062063548714040508e+03	3.705869999999999997e-02	0.000000000000000000e+00
-1.055425651534577810e+03	3.748610000000000136e-02	0.000000000000000000e+00
-1.048787754355115112e+03	3.802339999999999887e-02	0.000000000000000000e+00
-1.042149857175652414e+03	3.866010000000000280e-02	0.000000000000000000e+00
-1.035511959996189489e+03	3.938090000000000340e-02	0.000000000000000000e+00
-1.028874062816726791e+03	4.016839999999999994e-02	0.000000000000000000e+00
-1.022236165637264094e+03	4.100580000000000197e-02	0.000000000000000000e+00
-1.015598268457801282e+03	4.187869999999999787e-02	0.000000000000000000e+00
-1.008960371278338584e+03	4.277659999999999796e-02	0.000000000000000000e+00
-1.002322474098875773e+03	4.369279999999999692e-02	0.000000000000000000e+00
-9.956845769194130753e+02	4.462340000000000056e-02	0.000000000000000000e+00
-9.890466797399503776e+02	4.556679999999999758e-02	0.000000000000000000e+00
-9.824087825604875661e+02	4.652270000000000016e-02	0.000000000000000000e+00
-9.757708853810248684e+02	4.749169999999999781e-02	0.000000000000000000e+00
-9.691329882015620569e+02	4.847499999999999726e-02	0.000000000000000000e+00
-9.624950910220993592e+02	4.947370000000000240e-02	0.000000000000000000e+00
-9.558571938426365477e+02	5.048829999999999985e-02	0.000000000000000000e+00
-9.492192966631738500e+02	5.151909999999999823e-02	0.000000000000000000e+00
-9.425813994837110386e+02	5.256559999999999705e-02	0.000000000000000000e+00
-9.359435023042483408e+02	5.362730000000000274e-02	0.000000000000000000e+00
-9.293056051247855294e+02	5.470350000000000212e-02	0.000000000000000000e+00
-9.226677079453228316e+02	5.579359999999999875e-02	0.000000000000000000e+00
-9.160298107658600202e+02	5.689720000000000194e-02	0.000000000000000000e+00
-9.093919135863973224e+02	5.801409999999999900e-02	0.000000000000000000e+00
-9.027540164069345110e+02	5.914459999999999856e-02	0.000000000000000000e+00
-8.961161192274718132e+02	6.028970000000000162e-02	0.000000000000000000e+00
-8.894782220480088881e+02	6.145029999999999937e-02	0.000000000000000000e+00
-8.828403248685461904e+02	6.262679999999999636e-02	0.000000000000000000e+00
-8.762024276890833789e+02	6.381779999999999398e-02	0.000000000000000000e+00
-8.695645305096206812e+02	6.501959999999999684e-02	0.000000000000000000e+00
-8.629266333301578698e+02	6.622649999999999371e-02	0.000000000000000000e+00
-8.562887361506951720e+02	6.743090000000000195e-02	0.000000000000000000e+00
-8.496508389712324743e+02	6.862319999999999531e-02	0.000000000000000000e+00
-8.430129417917696628e+02	6.979219999999999868e-02	0.000000000000000000e+00
-8.363750446123069651e+02	7.092510000000000481e-02	0.000000000000000000e+00
-8.297371474328441536e+02	7.200950000000000406e-02	0.000000000000000000e+00
-8.230992502533814559e+02	7.303600000000000370e-02	0.000000000000000000e+00
-8.164613530739186444e+02	7.400170000000000359e-02	0.000000000000000000e+00
-8.098234558944559467e+02	7.491250000000000686e-02	0.000000000000000000e+00
-8.031855587149931353e+02	7.578519999999999701e-02	0.000000000000000000e+00
-7.965476615355304375e+02	7.664940000000000642e-02	0.000000000000000000e+00
-7.899097643560676261e+02	7.754590000000000094e-02	0.000000000000000000e+00
-7.832718671766049283e+02	7.852290000000000658e-02	0.000000000000000000e+00
-7.766339699971421169e+02	7.962719999999999521e-02	0.000000000000000000e+00
-7.699960728176794191e+02	8.089290000000000369e-02	0.000000000000000000e+00
-7.633581756382166077e+02	8.233300000000000340e-02	0.000000000000000000e+00
-7.567202784587539099e+02	8.393730000000000635e-02	0.000000000000000000e+00
-7.500823812792910985e+02	8.567690000000000028e-02	0.000000000000000000e+00
-7.434444840998284008e+02	8.751380000000000270e-02	0.000000000000000000e+00
-7.368065869203655893e+02	8.941000000000000336e-02	0.000000000000000000e+00
-7.301686897409028916e+02	9.133389999999999564e-02	0.000000000000000000e+00
-7.235307925614400801e+02	9.326239999999999530e-02	0.000000000000000000e+00
-7.168928953819773824e+02	9.518020000000000647e-02	0.000000000000000000e+00
-7.102549982025145709e+02	9.707680000000000475e-02	0.000000000000000000e+00
-7.036171010230518732e+02	9.894369999999999554e-02	0.000000000000000000e+00
-6.969792038435890618e+02	1.007730000000000015e-01	0.000000000000000000e+00
-6.903413066641263640e+02	1.025549999999999934e-01	0.000000000000000000e+00
-6.837034094846635526e+02	1.042809999999999987e-01	0.000000000000000000e+00
-6.770655123052008548e+02	1.059429999999999955e-01	0.000000000000000000e+00
-6.704276151257381571e+02	1.075300000000000006e-01	0.000000000000000000e+00
-6.637897179462753456e+02	1.090359999999999940e-01	0.000000000000000000e+00
-6.571518207668126479e+02	1.104519999999999946e-01	0.000000000000000000e+00
-6.505139235873498365e+02	1.117709999999999954e-01	0.000000000000000000e+00
-6.438760264078871387e+02	1.129860000000000031e-01	0.000000000000000000e+00
-6.372381292284243273e+02	1.140930000000000000e-01	0.000000000000000000e+00
-6.306002320489616295e+02	1.150909999999999989e-01	0.000000000000000000e+00
-6.239623348694988181e+02	1.159810000000000008e-01	0.000000000000000000e+00
-6.173244376900361203e+02	1.167659999999999948e-01	0.000000000000000000e+00
-6.106865405105733089e+02	1.174540000000000028e-01	0.000000000000000000e+00
-6.040486433311106111e+02	1.180569999999999953e-01	0.000000000000000000e+00
-5.974107461516477997e+02	1.185910000000000020e-01	0.000000000000000000e+00
-5.907728489721851020e+02	1.190819999999999934e-01	0.000000000000000000e+00
-5.841349517927222905e+02	1.195610000000000006e-01	0.000000000000000000e+00
-5.774970546132595928e+02	1.200679999999999942e-01	0.000000000000000000e+00
-5.708591574337967813e+02	1.206499999999999934e-01	0.000000000000000000e+00
-5.642212602543340836e+02	1.213599999999999957e-01	0.000000000000000000e+00
-5.575833630748712721e+02	1.222580000000000056e-01	0.000000000000000000e+00
-5.509454658954085744e+02	1.234110000000000068e-01	0.000000000000000000e+00
-5.443075687159457630e+02	1.248900000000000010e-01	0.000000000000000000e+00
-5.376696715364830652e+02	1.267639999999999878e-01	0.000000000000000000e+00
-5.310317743570202538e+02	1.290959999999999885e-01	0.000000000000000000e+00
-5.243938771775575560e+02	1.319339999999999957e-01	0.000000000000000000e+00
-5.177559799980947446e+02	1.353040000000000076e-01	0.000000000000000000e+00
-5.111180828186320468e+02	1.392069999999999974e-01	0.000000000000000000e+00
-5.044801856391692922e+02	1.436189999999999967e-01	0.000000000000000000e+00
-4.978422884597065377e+02	1.484969999999999901e-01	0.000000000000000000e+00
-4.912043912802437831e+02	1.537870000000000070e-01	0.000000000000000000e+00
-4.845664941007810285e+02	1.594240000000000101e-01	0.000000000000000000e+00
-4.779285969213182739e+02	1.653499999999999970e-01	0.000000000000000000e+00
-4.712906997418555193e+02	1.715139999999999998e-01	0.000000000000000000e+00
-4.646528025623927647e+02	1.778760000000000063e-01	0.000000000000000000e+00
-4.580149053829300101e+02	1.844089999999999896e-01	0.000000000000000000e+00
-4.513770082034672555e+02	1.910930000000000129e-01	0.000000000000000000e+00
-4.447391110240044441e+02	1.979120000000000046e-01	0.000000000000000000e+00
-4.381012138445416895e+02	2.048490000000000033e-01	0.000000000000000000e+00
-4.314633166650789349e+02	2.118859999999999910e-01	0.000000000000000000e+00
-4.248254194856162371e+02	2.190000000000000002e-01	0.000000000000000000e+00
-4.181875223061534825e+02	2.261650000000000049e-01	0.000000000000000000e+00
-4.115496251266907279e+02	2.333540000000000059e-01	0.000000000000000000e+00
-4.049117279472279733e+02	2.405339999999999978e-01	0.000000000000000000e+00
-3.982738307677652188e+02	2.476679999999999993e-01	0.000000000000000000e+00
-3.916359335883024642e+02	2.547170000000000267e-01	0.000000000000000000e+00
-3.849980364088397096e+02	2.616310000000000024e-01	0.000000000000000000e+00
-3.783601392293769550e+02	2.683530000000000082e-01	0.000000000000000000e+00
-3.717222420499142004e+02	2.748209999999999820e-01	0.000000000000000000e+00
-3.650843448704514458e+02	2.809659999999999935e-01	0.000000000000000000e+00
-3.584464476909886912e+02	2.867140000000000244e-01	0.000000000000000000e+00
-3.518085505115259366e+02	2.919919999999999738e-01	0.000000000000000000e+00
-3.451706533320631820e+02	2.967190000000000105e-01	0.000000000000000000e+00
-3.385327561526004274e+02	3.008120000000000238e-01	0.000000000000000000e+00
-3.318948589731376728e+02	3.041800000000000059e-01	0.000000000000000000e+00
-3.252569617936749182e+02	3.067309999999999759e-01	0.000000000000000000e+00
-3.186190646142121636e+02	3.083699999999999775e-01	0.000000000000000000e+00
-3.119811674347494090e+02	3.090080000000000049e-01	0.000000000000000000e+00
-3.053432702552866544e+02	3.085660000000000069e-01	0.000000000000000000e+00
-2.987053730758238999e+02	3.069859999999999811e-01	0.000000000000000000e+00
-2.920674758963611453e+02	3.042360000000000064e-01	0.000000000000000000e+00
-2.854295787168983907e+02	3.003359999999999919e-01	0.000000000000000000e+00
-2.787916815374356361e+02	2.953810000000000047e-01	0.000000000000000000e+00
-2.721537843579728815e+02	2.895760000000000001e-01	0.000000000000000000e+00
-2.655158871785101269e+02	2.832649999999999890e-01	0.000000000000000000e+00
-2.588779899990473723e+02	2.769429999999999947e-01	0.000000000000000000e+00
-2.522400928195846461e+02	2.712459999999999871e-01	0.000000000000000000e+00
-2.456021956401218915e+02	2.669050000000000034e-01	0.000000000000000000e+00
-2.389642984606591369e+02	2.646609999999999796e-01	0.000000000000000000e+00
-2.323264012811963823e+02	2.651410000000000156e-01	0.000000000000000000e+00
-2.256885041017336277e+02	2.687439999999999829e-01	0.000000000000000000e+00
-2.190506069222708447e+02	2.755650000000000044e-01	0.000000000000000000e+00
-2.124127097428081186e+02	2.854050000000000198e-01	0.000000000000000000e+00
-2.057748125633453640e+02	2.978520000000000056e-01	0.000000000000000000e+00
-1.991369153838826094e+02	3.124140000000000250e-01	0.000000000000000000e+00
-1.924990182044198548e+02	3.286279999999999757e-01	0.000000000000000000e+00
-1.858611210249571002e+02	3.461359999999999992e-01	0.000000000000000000e+00
-1.792232238454943456e+02	3.647050000000000014e-01	0.000000000000000000e+00
-1.725853266660315910e+02	3.842070000000000207e-01	0.000000000000000000e+00
-1.659474294865688364e+02	4.045940000000000092e-01	0.000000000000000000e+00
-1.593095323071060818e+02	4.258540000000000103e-01	0.000000000000000000e+00
-1.526716351276433272e+02	4.479949999999999766e-01	0.000000000000000000e+00
-1.460337379481805726e+02	4.710139999999999882e-01	0.000000000000000000e+00
-1.393958407687178180e+02	4.949020000000000086e-01	0.000000000000000000e+00
-1.327579435892550634e+02	5.196410000000000196e-01	0.000000000000000000e+00
-1.261200464097923231e+02	5.452139999999999764e-01	0.000000000000000000e+00
-1.194821492303295685e+02	5.716179999999999595e-01	0.000000000000000000e+00
-1.128442520508668139e+02	5.988510000000000222e-01	0.000000000000000000e+00
-1.062063548714040593e+02	6.269019999999999593e-01	0.000000000000000000e+00
-9.956845769194130469e+01	6.557340000000000391e-01	0.000000000000000000e+00
-9.293056051247855009e+01	6.852700000000000458e-01	0.000000000000000000e+00
-8.629266333301579550e+01	7.153939999999999744e-01	0.000000000000000000e+00
-7.965476615355304091e+01	7.459569999999999812e-01	0.000000000000000000e+00
-7.301686897409028632e+01	7.767749999999999932e-01	0.000000000000000000e+00
-6.637897179462753172e+01	8.076299999999999590e-01	0.000000000000000000e+00
-5.974107461516478423e+01	8.382519999999999971e-01	0.000000000000000000e+00
-5.310317743570202964e+01	8.683079999999999687e-01	0.000000000000000000e+00
-4.646528025623927505e+01	8.973630000000000217e-01	0.000000000000000000e+00
-3.982738307677652045e+01	9.248429999999999707e-01	0.000000000000000000e+00
-3.318948589731376586e+01	9.499699999999999811e-01	0.000000000000000000e+00
-2.655158871785101482e+01	9.716930000000000289e-01	0.000000000000000000e+00
-1.991369153838826023e+01	9.886030000000000095e-01	0.000000000000000000e+00
-1.327579435892550741e+01	9.988439999999999541e-01	0.000000000000000000e+00
-6.637897179462753705e+00	1.000000000000000000e+00	0.000000000000000000e+00
0.000000000000000000e+00	9.890390000000000015e-01	0.000000000000000000e+00
6.637897179462753705e+00	9.624500000000000277e-01	0.000000000000000000e+00
1.327579435892550741e+01	9.167750000000000066e-01	0.000000000000000000e+00
1.991369153838826023e+01	8.496930000000000316e-01	0.000000000000000000e+00
2.655158871785101482e+01	7.614670000000000050e-01	0.000000000000000000e+00
3.318948589731376586e+01	6.561890000000000223e-01	0.000000000000000000e+00
3.982738307677652045e+01	5.419629999999999725e-01	0.000000000000000000e+00
4.646528025623927505e+01	4.294990000000000197e-01	0.000000000000000000e+00
5.310317743570202964e+01	3.293840000000000101e-01	0.000000000000000000e+00
5.974107461516478423e+01	2.492129999999999901e-01	0.000000000000000000e+00
6.637897179462753172e+01	1.918960000000000110e-01	0.000000000000000000e+00
7.301686897409028632e+01	1.558289999999999953e-01	0.000000000000000000e+00
7.965476615355304091e+01	1.365359999999999907e-01	0.000000000000000000e+00
8.629266333301579550e+01	1.287190000000000001e-01	0.000000000000000000e+00
9.293056051247855009e+01	1.277959999999999929e-01	0.000000000000000000e+00
9.956845769194130469e+01	1.305530000000000024e-01	0.000000000000000000e+00
1.062063548714040593e+02	1.350840000000000096e-01	0.000000000000000000e+00
1.128442520508668139e+02	1.404130000000000100e-01	0.000000000000000000e+00
1.194821492303295685e+02	1.460990000000000066e-01	0.000000000000000000e+00
1.261200464097923231e+02	1.519550000000000067e-01	0.000000000000000000e+00
1.327579435892550634e+02	1.579010000000000136e-01	0.000000000000000000e+00
1.393958407687178180e+02	1.638930000000000109e-01	0.000000000000000000e+00
1.460337379481805726e+02	1.698909999999999865e-01	0.000000000000000000e+00
1.526716351276433272e+02	1.758570000000000133e-01	0.000000000000000000e+00
1.593095323071060818e+02	1.817429999999999879e-01	0.000000000000000000e+00
1.659474294865688364e+02	1.874949999999999950e-01	0.000000000000000000e+00
1.725853266660315910e+02	1.930459999999999954e-01	0.000000000000000000e+00
1.792232238454943456e+02	1.983219999999999983e-01	0.000000000000000000e+00
1.858611210249571002e+02	2.032370000000000010e-01	0.000000000000000000e+00
1.924990182044198548e+02	2.076969999999999927e-01	0.000000000000000000e+00
1.991369153838826094e+02	2.116000000000000103e-01	0.000000000000000000e+00
2.057748125633453640e+02	2.148370000000000002e-01	0.000000000000000000e+00
2.124127097428081186e+02	2.172880000000000089e-01	0.000000000000000000e+00
2.190506069222708447e+02	2.188249999999999917e-01	0.000000000000000000e+00
2.256885041017336277e+02	2.193110000000000059e-01	0.000000000000000000e+00
2.323264012811963823e+02	2.186089999999999978e-01	0.000000000000000000e+00
2.389642984606591369e+02	2.165819999999999967e-01	0.000000000000000000e+00
2.456021956401218915e+02	2.131049999999999889e-01	0.000000000000000000e+00
2.522400928195846461e+02	2.080770000000000119e-01	0.000000000000000000e+00
2.588779899990473723e+02	2.014390000000000069e-01	0.000000000000000000e+00
2.655158871785101269e+02	1.931990000000000096e-01	0.000000000000000000e+00
2.721537843579728815e+02	1.834709999999999952e-01	0.000000000000000000e+00
2.787916815374356361e+02	1.725059999999999927e-01	0.000000000000000000e+00
2.854295787168983907e+02	1.607169999999999987e-01	0.000000000000000000e+00
2.920674758963611453e+02	1.486810000000000076e-01	0.000000000000000000e+00
2.987053730758238999e+02	1.370869999999999866e-01	0.000000000000000000e+00
3.053432702552866544e+02	1.266510000000000136e-01	0.000000000000000000e+00
3.119811674347494090e+02	1.179790000000000005e-01	0.000000000000000000e+00
3.186190646142121636e+02	1.114519999999999955e-01	0.000000000000000000e+00
3.252569617936749182e+02	1.071499999999999952e-01	0.000000000000000000e+00
3.318948589731376728e+02	1.048700000000000049e-01	0.000000000000000000e+00
3.385327561526004274e+02	1.042109999999999981e-01	0.000000000000000000e+00
3.451706533320631820e+02	1.046969999999999984e-01	0.000000000000000000e+00
3.518085505115259366e+02	1.058879999999999960e-01	0.000000000000000000e+00
3.584464476909886912e+02	1.074399999999999938e-01	0.000000000000000000e+00
3.650843448704514458e+02	1.091219999999999968e-01	0.000000000000000000e+00
3.717222420499142004e+02	1.107889999999999986e-01	0.000000000000000000e+00
3.783601392293769550e+02	1.123579999999999995e-01	0.000000000000000000e+00
3.849980364088397096e+02	1.137809999999999933e-01	0.000000000000000000e+00
3.916359335883024642e+02	1.150199999999999972e-01	0.000000000000000000e+00
3.982738307677652188e+02	1.160449999999999954e-01	0.000000000000000000e+00
4.049117279472279733e+02	1.168290000000000023e-01	0.000000000000000000e+00
4.115496251266907279e+02	1.173460000000000059e-01	0.000000000000000000e+00
4.181875223061534825e+02	1.175709999999999950e-01	0.000000000000000000e+00
4.248254194856162371e+02	1.174830000000000041e-01	0.000000000000000000e+00
4.314633166650789349e+02	1.170589999999999964e-01	0.000000000000000000e+00
4.381012138445416895e+02	1.162750000000000034e-01	0.000000000000000000e+00
4.447391110240044441e+02	1.151070000000000010e-01	0.000000000000000000e+00
4.513770082034672555e+02	1.135290000000000049e-01	0.000000000000000000e+00
4.580149053829300101e+02	1.115229999999999971e-01	0.000000000000000000e+00
4.646528025623927647e+02	1.090740000000000043e-01	0.000000000000000000e+00
4.712906997418555193e+02	1.061750000000000055e-01	0.000000000000000000e+00
4.779285969213182739e+02	1.028290000000000037e-01	0.000000000000000000e+00
4.845664941007810285e+02	9.904820000000000291e-02	0.000000000000000000e+00
4.912043912802437831e+02	9.485770000000000313e-02	0.000000000000000000e+00
4.978422884597065377e+02	9.029410000000000214e-02	0.000000000000000000e+00
5.044801856391692922e+02	8.540889999999999593e-02	0.000000000000000000e+00
5.111180828186320468e+02	8.026909999999999601e-02	0.000000000000000000e+00
5.177559799980947446e+02	7.495799999999999685e-02	0.000000000000000000e+00
5.243938771775575560e+02	6.957460000000000033e-02	0.000000000000000000e+00
5.310317743570202538e+02	6.423239999999999505e-02	0.000000000000000000e+00
5.376696715364830652e+02	5.905640000000000195e-02	0.000000000000000000e+00
5.443075687159457630e+02	5.417870000000000325e-02	0.000000000000000000e+00
5.509454658954085744e+02	4.973070000000000268e-02	0.000000000000000000e+00
5.575833630748712721e+02	4.583160000000000012e-02	0.000000000000000000e+00
5.642212602543340836e+02	4.257520000000000054e-02	0.000000000000000000e+00
5.708591574337967813e+02	4.001550000000000246e-02	0.000000000000000000e+00
5.774970546132595928e+02	3.815629999999999716e-02	0.000000000000000000e+00
5.841349517927222905e+02	3.694950000000000317e-02	0.000000000000000000e+00
5.907728489721851020e+02	3.630239999999999856e-02	0.000000000000000000e+00
5.974107461516477997e+02	3.609450000000000158e-02	0.000000000000000000e+00
6.040486433311106111e+02	3.619760000000000338e-02	0.000000000000000000e+00
6.106865405105733089e+02	3.649489999999999679e-02	0.000000000000000000e+00
6.173244376900361203e+02	3.689219999999999999e-02	0.000000000000000000e+00
6.239623348694988181e+02	3.732180000000000220e-02	0.000000000000000000e+00
6.306002320489616295e+02	3.773989999999999984e-02	0.000000000000000000e+00
6.372381292284243273e+02	3.812000000000000111e-02	0.000000000000000000e+00
6.438760264078871387e+02	3.844700000000000201e-02	0.000000000000000000e+00
6.505139235873498365e+02	3.871209999999999929e-02	0.000000000000000000e+00
6.571518207668126479e+02	3.890939999999999677e-02	0.000000000000000000e+00
6.637897179462753456e+02	3.903439999999999688e-02	0.000000000000000000e+00
6.704276151257381571e+02	3.908360000000000306e-02	0.000000000000000000e+00
6.770655123052008548e+02	3.905369999999999675e-02	0.000000000000000000e+00
6.837034094846635526e+02	3.894269999999999676e-02	0.000000000000000000e+00
6.903413066641263640e+02	3.874919999999999753e-02	0.000000000000000000e+00
6.969792038435890618e+02	3.847300000000000025e-02	0.000000000000000000e+00
7.036171010230518732e+02	3.811479999999999729e-02	0.000000000000000000e+00
7.102549982025145709e+02	3.767659999999999759e-02	0.000000000000000000e+00
7.168928953819773824e+02	3.716130000000000128e-02	0.000000000000000000e+00
7.235307925614400801e+02	3.657309999999999728e-02	0.000000000000000000e+00
7.301686897409028916e+02	3.591729999999999923e-02	0.000000000000000000e+00
7.368065869203655893e+02	3.519959999999999756e-02	0.000000000000000000e+00
7.434444840998284008e+02	3.442610000000000114e-02	0.000000000000000000e+00
7.500823812792910985e+02	3.360309999999999686e-02	0.000000000000000000e+00
7.567202784587539099e+02	3.273670000000000052e-02	0.000000000000000000e+00
7.633581756382166077e+02	3.183249999999999968e-02	0.000000000000000000e+00
7.699960728176794191e+02	3.089539999999999995e-02	0.000000000000000000e+00
7.766339699971421169e+02	2.992869999999999905e-02	0.000000000000000000e+00
7.832718671766049283e+02	2.893460000000000129e-02	0.000000000000000000e+00
7.899097643560676261e+02	2.791290000000000091e-02	0.000000000000000000e+00
7.965476615355304375e+02	2.686200000000000046e-02	0.000000000000000000e+00
8.031855587149931353e+02	2.577890000000000043e-02	0.000000000000000000e+00
8.098234558944559467e+02	2.466130000000000058e-02	0.000000000000000000e+00
8.164613530739186444e+02	2.350980000000000084e-02	0.000000000000000000e+00
8.230992502533814559e+02	2.233129999999999837e-02	0.000000000000000000e+00
8.297371474328441536e+02	2.114210000000000048e-02	0.000000000000000000e+00
8.363750446123069651e+02	1.996910000000000004e-02	0.000000000000000000e+00
8.430129417917696628e+02	1.884829999999999839e-02	0.000000000000000000e+00
8.496508389712324743e+02	1.781949999999999854e-02	0.000000000000000000e+00
8.562887361506951720e+02	1.691799999999999901e-02	0.000000000000000000e+00
8.629266333301578698e+02	1.616580000000000100e-02	0.000000000000000000e+00
8.695645305096206812e+02	1.556570000000000002e-02	0.000000000000000000e+00
8.762024276890833789e+02	1.510169999999999915e-02	0.000000000000000000e+00
8.828403248685461904e+02	1.474409999999999957e-02	0.000000000000000000e+00
8.894782220480088881e+02	1.445869999999999968e-02	0.000000000000000000e+00
8.961161192274718132e+02	1.421389999999999980e-02	0.000000000000000000e+00
9.027540164069345110e+02	1.398560000000000081e-02	0.000000000000000000e+00
9.093919135863973224e+02	1.375829999999999935e-02	0.000000000000000000e+00
9.160298107658600202e+02	1.352350000000000080e-02	0.000000000000000000e+00
9.226677079453228316e+02	1.327769999999999992e-02	0.000000000000000000e+00
9.293056051247855294e+02	1.302019999999999914e-02	0.000000000000000000e+00
9.359435023042483408e+02	1.275169999999999949e-02	0.000000000000000000e+00
9.425813994837110386e+02	1.247370000000000076e-02	0.000000000000000000e+00
9.492192966631738500e+02	1.218799999999999918e-02	0.000000000000000000e+00
9.558571938426365477e+02	1.189650000000000082e-02	0.000000000000000000e+00
9.624950910220993592e+02	1.160139999999999956e-02	0.000000000000000000e+00
9.691329882015620569e+02	1.130470000000000086e-02	0.000000000000000000e+00
9.757708853810248684e+02	1.100839999999999978e-02	0.000000000000000000e+00
9.824087825604875661e+02	1.071440000000000066e-02	0.000000000000000000e+00
9.890466797399503776e+02	1.042410000000000038e-02	0.000000000000000000e+00
9.956845769194130753e+02	1.013879999999999990e-02	0.000000000000000000e+00
1.002322474098875773e+03	9.859309999999999602e-03	0.000000000000000000e+00
1.008960371278338584e+03	9.585859999999999867e-03	0.000000000000000000e+00
1.015598268457801282e+03	9.318490000000000453e-03	0.000000000000000000e+00
1.022236165637264094e+03	9.056770000000000445e-03	0.000000000000000000e+00
1.028874062816726791e+03	8.799950000000000827e-03	0.000000000000000000e+00
1.035511959996189489e+03	8.547050000000000480e-03	0.000000000000000000e+00
1.042149857175652414e+03	8.296919999999999296e-03	0.000000000000000000e+00
1.048787754355115112e+03	8.048490000000000158e-03	0.000000000000000000e+00
1.055425651534577810e+03	7.800869999999999679e-03	0.000000000000000000e+00
1.062063548714040508e+03	7.553589999999999784e-03	0.000000000000000000e+00
1.068701445893503433e+03	7.306690000000000233e-03	0.000000000000000000e+00
1.075339343072966130e+03	7.061030000000000258e-03	0.000000000000000000e+00
1.081977240252428828e+03	6.818440000000000265e-03	0.000000000000000000e+00
1.088615137431891526e+03	6.581880000000000022e-03	0.000000000000000000e+00
1.095253034611354451e+03	6.355340000000000121e-03	0.000000000000000000e+00
1.101890931790817149e+03	6.143520000000000404e-03	0.000000000000000000e+00
1.108528828970279847e+03	5.951040000000000323e-03	0.000000000000000000e+00
1.115166726149742544e+03	5.781599999999999587e-03	0.000000000000000000e+00
1.121804623329205469e+03	5.637099999999999923e-03	0.000000000000000000e+00
1.128442520508668167e+03	5.517079999999999727e-03	0.000000000000000000e+00
1.135080417688130865e+03	5.418799999999999659e-03	0.000000000000000000e+00
1.141718314867593563e+03	5.337830000000000005e-03	0.000000000000000000e+00
1.148356212047056488e+03	5.269000000000000246e-03	0.000000000000000000e+00
1.154994109226519186e+03	5.207340000000000406e-03	0.000000000000000000e+00
1.161632006405981883e+03	5.148790000000000311e-03	0.000000000000000000e+00
1.168269903585444581e+03	5.090459999999999777e-03	0.000000000000000000e+00
1.174907800764907506e+03	5.030599999999999655e-03	0.000000000000000000e+00
1.181545697944370204e+03	4.968260000000000384e-03	0.000000000000000000e+00
1.188183595123832902e+03	4.903059999999999884e-03	0.000000000000000000e+00
1.194821492303295599e+03	4.834859999999999852e-03	0.000000000000000000e+00
1.201459389482758297e+03	4.763619999999999660e-03	0.000000000000000000e+00
1.208097286662221222e+03	4.689300000000000412e-03	0.000000000000000000e+00
1.214735183841683920e+03	4.611790000000000160e-03	0.000000000000000000e+00
1.221373081021146618e+03	4.530939999999999794e-03	0.000000000000000000e+00
1.228010978200609316e+03	4.446580000000000324e-03	0.000000000000000000e+00
1.234648875380072241e+03	4.358530000000000217e-03	0.000000000000000000e+00
1.241286772559534938e+03	4.266589999999999792e-03	0.000000000000000000e+00
1.247924669738997636e+03	4.170609999999999942e-03	0.000000000000000000e+00
1.254562566918460334e+03	4.070419999999999941e-03	0.000000000000000000e+00
1.261200464097923259e+03	3.965869999999999812e-03	0.000000000000000000e+00
1.267838361277385957e+03	3.856860000000000149e-03	0.000000000000000000e+00
1.274476258456848655e+03	3.743370000000000204e-03	0.000000000000000000e+00
1.281114155636311352e+03	3.625450000000000114e-03	0.000000000000000000e+00
1.287752052815774277e+03	3.503280000000000109e-03	0.000000000000000000e+00
1.294389949995236975e+03	3.377209999999999848e-03	0.000000000000000000e+00
1.301027847174699673e+03	3.247819999999999787e-03	0.000000000000000000e+00
1.307665744354162371e+03	3.115960000000000084e-03	0.000000000000000000e+00
1.314303641533625296e+03	2.982729999999999843e-03	0.000000000000000000e+00
1.320941538713087994e+03	2.849480000000000155e-03	0.000000000000000000e+00
1.327579435892550691e+03	2.717769999999999995e-03	0.000000000000000000e+00
1.334217333072013389e+03	2.589319999999999990e-03	0.000000000000000000e+00
1.340855230251476314e+03	2.465919999999999918e-03	0.000000000000000000e+00
1.347493127430939012e+03	2.349330000000000168e-03	0.000000000000000000e+00
1.354131024610401710e+03	2.241180000000000169e-03	0.000000000000000000e+00
1.360768921789864407e+03	2.142859999999999904e-03	0.000000000000000000e+00
1.367406818969327105e+03	2.055410000000000136e-03	0.000000000000000000e+00
1.374044716148790030e+03	1.979349999999999946e-03	0.000000000000000000e+00
1.380682613328252728e+03	1.914560000000000047e-03	0.000000000000000000e+00
1.387320510507715426e+03	1.860279999999999963e-03	0.000000000000000000e+00
1.393958407687178124e+03	1.815159999999999907e-03	0.000000000000000000e+00
1.400596304866641049e+03	1.777509999999999941e-03	0.000000000000000000e+00
1.407234202046103746e+03	1.745500000000000090e-03	0.000000000000000000e+00
1.413872099225566444e+03	1.717470000000000021e-03	0.000000000000000000e+00
1.420509996405029142e+03	1.692029999999999966e-03	0.000000000000000000e+00
1.427147893584492067e+03	1.668130000000000090e-03	0.000000000000000000e+00
1.433785790763954765e+03	1.645039999999999957e-03	0.000000000000000000e+00
1.440423687943417463e+03	1.622280000000000033e-03	0.000000000000000000e+00
1.447061585122880160e+03	1.599500000000000010e-03	0.000000000000000000e+00
1.453699482302343085e+03	1.576490000000000053e-03	0.000000000000000000e+00
1.460337379481805783e+03	1.553059999999999987e-03	0.000000000000000000e+00
1.466975276661268481e+03	1.529069999999999995e-03	0.000000000000000000e+00
1.473613173840731179e+03	1.504420000000000019e-03	0.000000000000000000e+00
1.480251071020194104e+03	1.479000000000000063e-03	0.000000000000000000e+00
1.486888968199656802e+03	1.452729999999999950e-03	0.000000000000000000e+00
1.493526865379119499e+03	1.425529999999999940e-03	0.000000000000000000e+00
1.500164762558582197e+03	1.397360000000000052e-03	0.000000000000000000e+00
1.506802659738045122e+03	1.368150000000000052e-03	0.000000000000000000e+00
1.513440556917507820e+03	1.337869999999999901e-03	0.000000000000000000e+00
1.520078454096970518e+03	1.306510000000000093e-03	0.000000000000000000e+00
1.526716351276433215e+03	1.274069999999999977e-03	0.000000000000000000e+00
1.533354248455896141e+03	1.240620000000000004e-03	0.000000000000000000e+00
1.539992145635358838e+03	1.206239999999999916e-03	0.000000000000000000e+00
1.546630042814821536e+03	1.171090000000000065e-03	0.000000000000000000e+00
1.553267939994284234e+03	1.135350000000000031e-03	0.000000000000000000e+00
1.559905837173746932e+03	1.099240000000000026e-03	0.000000000000000000e+00
1.566543734353209857e+03	1.063010000000000083e-03	0.000000000000000000e+00
1.573181631532672554e+03	1.026889999999999921e-03	0.000000000000000000e+00
1.579819528712135252e+03	9.911749999999999554e-04	0.000000000000000000e+00
1.586457425891597950e+03	9.561069999999999855e-04	0.000000000000000000e+00
1.593095323071060875e+03	9.219439999999999536e-04	0.000000000000000000e+00
1.599733220250523573e+03	8.889219999999999977e-04	0.000000000000000000e+00
1.606371117429986271e+03	8.572540000000000021e-04	0.000000000000000000e+00
1.613009014609448968e+03	8.271209999999999977e-04	0.000000000000000000e+00
1.619646911788911893e+03	7.986749999999999926e-04	0.000000000000000000e+00
1.626284808968374591e+03	7.720300000000000469e-04	0.000000000000000000e+00
1.632922706147837289e+03	7.472600000000000249e-04	0.000000000000000000e+00
1.639560603327299987e+03	7.243990000000000281e-04	0.000000000000000000e+00
1.646198500506762912e+03	7.034399999999999464e-04	0.000000000000000000e+00
1.652836397686225610e+03	6.843259999999999664e-04	0.000000000000000000e+00
1.659474294865688307e+03	6.669469999999999826e-04	0.000000000000000000e+00
1.666112192045151005e+03	6.511320000000000129e-04	0.000000000000000000e+00
1.672750089224613930e+03	6.366530000000000453e-04	0.000000000000000000e+00
1.679387986404076628e+03	6.232320000000000394e-04	0.000000000000000000e+00
1.686025883583539326e+03	6.105729999999999968e-04	0.000000000000000000e+00
1.692663780763002023e+03	5.983839999999999819e-04	0.000000000000000000e+00
1.699301677942464949e+03	5.864130000000000384e-04	0.000000000000000000e+00
1.705939575121927646e+03	5.744619999999999761e-04	0.000000000000000000e+00
1.712577472301390344e+03	5.623959999999999463e-04	0.000000000000000000e+00
1.719215369480853042e+03	5.501329999999999588e-04	0.000000000000000000e+00
1.725853266660315740e+03	5.376340000000000502e-04	0.000000000000000000e+00
1.732491163839778665e+03	5.248920000000000018e-04	0.000000000000000000e+00
1.739129061019241362e+03	5.119179999999999868e-04	0.000000000000000000e+00
1.745766958198704060e+03	4.987350000000000420e-04	0.000000000000000000e+00
1.752404855378166758e+03	4.853769999999999981e-04	0.000000000000000000e+00
1.759042752557629683e+03	4.718850000000000128e-04	0.000000000000000000e+00
1.765680649737092381e+03	4.583049999999999971e-04	0.000000000000000000e+00
1.772318546916555078e+03	4.446879999999999952e-04	0.000000000000000000e+00
1.778956444096017776e+03	4.310879999999999899e-04	0.000000000000000000e+00
1.785594341275480929e+03	4.175639999999999886e-04	0.000000000000000000e+00
1.792232238454943626e+03	4.041749999999999987e-04	0.000000000000000000e+00
1.798870135634406324e+03	3.909820000000000049e-04	0.000000000000000000e+00
1.805508032813869022e+03	3.780449999999999761e-04	0.000000000000000000e+00
1.812145929993331720e+03	3.654229999999999740e-04	0.000000000000000000e+00
1.818783827172794645e+03	3.531669999999999883e-04	0.000000000000000000e+00
1.825421724352257343e+03	3.413189999999999757e-04	0.000000000000000000e+00
1.832059621531720040e+03	3.299099999999999906e-04	0.000000000000000000e+00
1.838697518711182738e+03	3.189619999999999999e-04	0.000000000000000000e+00
1.845335415890645663e+03	3.084930000000000159e-04	0.000000000000000000e+00
1.851973313070108361e+03	2.985190000000000196e-04	0.000000000000000000e+00
1.858611210249571059e+03	2.890529999999999987e-04	0.000000000000000000e+00
1.865249107429033756e+03	2.801039999999999867e-04	0.000000000000000000e+00
1.871887004608496682e+03	2.716740000000000149e-04	0.000000000000000000e+00
1.878524901787959379e+03	2.637580000000000046e-04	0.000000000000000000e+00
1.885162798967422077e+03	2.563449999999999995e-04	0.000000000000000000e+00
1.891800696146884775e+03	2.494199999999999803e-04	0.000000000000000000e+00
1.898438593326347700e+03	2.429599999999999913e-04	0.000000000000000000e+00
1.905076490505810398e+03	2.369390000000000027e-04	0.000000000000000000e+00
1.911714387685273095e+03	2.313320000000000003e-04	0.000000000000000000e+00
1.918352284864735793e+03	2.261089999999999997e-04	0.000000000000000000e+00
1.924990182044198718e+03	2.212329999999999874e-04	0.000000000000000000e+00
1.931628079223661416e+03	2.166570000000000095e-04	0.000000000000000000e+00
1.938265976403124114e+03	2.123249999999999975e-04	0.000000000000000000e+00
1.944903873582586812e+03	2.081750000000000050e-04	0.000000000000000000e+00
1.951541770762049737e+03	2.041450000000000046e-04	0.000000000000000000e+00
1.958179667941512434e+03	2.001820000000000021e-04	0.000000000000000000e+00
1.964817565120975132e+03	1.962450000000000023e-04	0.000000000000000000e+00
1.971455462300437830e+03	1.923050000000000096e-04	0.000000000000000000e+00
1.978093359479900755e+03	1.883470000000000044e-04	0.000000000000000000e+00
1.984731256659363453e+03	1.843620000000000079e-04	0.000000000000000000e+00
1.991369153838826151e+03	1.803460000000000111e-04	0.000000000000000000e+00
1.998007051018288848e+03	1.762939999999999896e-04	0.000000000000000000e+00
2.004644948197751546e+03	1.722070000000000133e-04	0.000000000000000000e+00
2.011282845377214471e+03	1.680870000000000053e-04	0.000000000000000000e+00
2.017920742556677169e+03	1.639359999999999971e-04	0.000000000000000000e+00
2.024558639736139867e+03	1.597609999999999905e-04	0.000000000000000000e+00
2.031196536915602564e+03	1.555700000000000030e-04	0.000000000000000000e+00
2.037834434095065490e+03	1.513700000000000093e-04	0.000000000000000000e+00
2.044472331274528187e+03	1.471680000000000113e-04	0.000000000000000000e+00
2.051110228453991112e+03	1.429710000000000106e-04	0.000000000000000000e+00
2.057748125633453583e+03	1.387849999999999934e-04	0.000000000000000000e+00
2.064386022812916508e+03	1.346180000000000044e-04	0.000000000000000000e+00
2.071023919992378978e+03	1.304789999999999954e-04	0.000000000000000000e+00
2.077661817171841903e+03	1.263769999999999998e-04	0.000000000000000000e+00
2.084299714351304829e+03	1.223239999999999896e-04	0.000000000000000000e+00
2.090937611530767299e+03	1.183329999999999934e-04	0.000000000000000000e+00
2.097575508710230224e+03	1.144169999999999991e-04	0.000000000000000000e+00
2.104213405889693149e+03	1.105920000000000010e-04	0.000000000000000000e+00
2.110851303069155620e+03	1.068710000000000005e-04	0.000000000000000000e+00
2.117489200248618545e+03	1.032700000000000057e-04	0.000000000000000000e+00
2.124127097428081015e+03	9.980109999999999557e-05	0.000000000000000000e+00
2.130764994607543940e+03	9.647609999999999606e-05	0.000000000000000000e+00
2.137402891787006865e+03	9.330449999999999410e-05	0.000000000000000000e+00
2.144040788966469336e+03	9.029290000000000417e-05	0.000000000000000000e+00
2.150678686145932261e+03	8.744580000000000224e-05	0.000000000000000000e+00
2.157316583325395186e+03	8.476520000000000625e-05	0.000000000000000000e+00
2.163954480504857656e+03	8.225099999999999566e-05	0.000000000000000000e+00
2.170592377684320581e+03	7.990080000000000587e-05	0.000000000000000000e+00
2.177230274863783052e+03	7.770790000000000184e-05	0.000000000000000000e+00
2.183868172043245977e+03	7.566179999999999445e-05	0.000000000000000000e+00
2.190506069222708902e+03	7.374750000000000500e-05	0.000000000000000000e+00
2.197143966402171372e+03	7.194719999999999447e-05	0.000000000000000000e+00
2.203781863581634298e+03	7.024170000000000207e-05	0.000000000000000000e+00
2.210419760761096768e+03	6.861220000000000014e-05	0.000000000000000000e+00
2.217057657940559693e+03	6.704130000000000473e-05	0.000000000000000000e+00
2.223695555120022618e+03	6.551410000000000350e-05	0.000000000000000000e+00
2.230333452299485089e+03	6.401899999999999811e-05	0.000000000000000000e+00
2.236971349478948014e+03	6.254650000000000162e-05	0.000000000000000000e+00
2.243609246658410939e+03	6.108990000000000611e-05	0.000000000000000000e+00
2.250247143837873409e+03	5.964440000000000106e-05	0.000000000000000000e+00
2.256885041017336334e+03	5.820690000000000000e-05	0.000000000000000000e+00
2.263522938196798805e+03	5.677589999999999964e-05	0.000000000000000000e+00
2.270160835376261730e+03	5.535089999999999889e-05	0.000000000000000000e+00
2.276798732555724655e+03	5.393199999999999795e-05	0.000000000000000000e+00
2.283436629735187125e+03	5.251979999999999816e-05	0.000000000000000000e+00
2.290074526914650050e+03	5.111510000000000126e-05	0.000000000000000000e+00
2.296712424094112976e+03	4.971969999999999764e-05	0.000000000000000000e+00
2.303350321273575446e+03	4.833539999999999804e-05	0.000000000000000000e+00
2.309988218453038371e+03	4.696480000000000137e-05	0.000000000000000000e+00
2.316626115632500841e+03	4.561070000000000022e-05	0.000000000000000000e+00
2.323264012811963767e+03	4.427620000000000140e-05	0.000000000000000000e+00
2.329901909991426692e+03	4.296499999999999945e-05	0.000000000000000000e+00
2.336539807170889162e+03	4.168050000000000184e-05	0.000000000000000000e+00
2.343177704350352087e+03	4.042650000000000334e-05	0.000000000000000000e+00
2.349815601529815012e+03	3.920609999999999720e-05	0.000000000000000000e+00
2.356453498709277483e+03	3.802210000000000312e-05	0.000000000000000000e+00
2.363091395888740408e+03	3.687659999999999858e-05	0.000000000000000000e+00
2.369729293068202878e+03	3.577069999999999957e-05	0.000000000000000000e+00
2.376367190247665803e+03	3.470429999999999907e-05	0.000000000000000000e+00
2.383005087427128728e+03	3.367670000000000234e-05	0.000000000000000000e+00
2.389642984606591199e+03	3.268750000000000171e-05	0.000000000000000000e+00
2.396280881786054124e+03	3.173640000000000331e-05	0.000000000000000000e+00
2.402918778965516594e+03	3.082370000000000102e-05	0.000000000000000000e+00
2.409556676144979519e+03	2.994979999999999911e-05	0.000000000000000000e+00
2.416194573324442445e+03	2.911470000000000095e-05	0.000000000000000000e+00
2.422832470503904915e+03	2.831850000000000000e-05	0.000000000000000000e+00
2.429470367683367840e+03	2.756020000000000084e-05	0.000000000000000000e+00
2.436108264862830765e+03	2.683840000000000040e-05	0.000000000000000000e+00
2.442746162042293236e+03	2.615059999999999997e-05	0.000000000000000000e+00
2.449384059221756161e+03	2.549349999999999910e-05	0.000000000000000000e+00
2.456021956401218631e+03	2.486319999999999939e-05	0.000000000000000000e+00
2.462659853580681556e+03	2.425559999999999864e-05	0.000000000000000000e+00
2.469297750760144481e+03	2.366709999999999910e-05	0.000000000000000000e+00
2.475935647939606952e+03	2.309399999999999946e-05	0.000000000000000000e+00
2.482573545119069877e+03	2.253299999999999924e-05	0.000000000000000000e+00
2.489211442298532802e+03	2.198129999999999908e-05	0.000000000000000000e+00
2.495849339477995272e+03	2.143640000000000028e-05	0.000000000000000000e+00
2.502487236657458197e+03	2.089639999999999868e-05	0.000000000000000000e+00
2.509125133836920668e+03	2.036009999999999841e-05	0.000000000000000000e+00
2.515763031016383593e+03	1.982739999999999926e-05	0.000000000000000000e+00
2.522400928195846518e+03	1.929869999999999871e-05	0.000000000000000000e+00
2.529038825375308988e+03	1.877479999999999853e-05	0.000000000000000000e+00
2.535676722554771914e+03	1.825640000000000024e-05	0.000000000000000000e+00
2.542314619734234384e+03	1.774439999999999904e-05	0.000000000000000000e+00
2.548952516913697309e+03	1.723949999999999986e-05	0.000000000000000000e+00
2.555590414093160234e+03	1.674240000000000084e-05	0.000000000000000000e+00
2.562228311272622705e+03	1.625420000000000101e-05	0.000000000000000000e+00
2.568866208452085630e+03	1.577599999999999939e-05	0.000000000000000000e+00
2.575504105631548555e+03	1.530860000000000112e-05	0.000000000000000000e+00
2.582142002811011025e+03	1.485299999999999992e-05	0.000000000000000000e+00
2.588779899990473950e+03	1.440960000000000007e-05	0.000000000000000000e+00
2.595417797169936421e+03	1.397850000000000008e-05	0.000000000000000000e+00
2.602055694349399346e+03	1.355980000000000018e-05	0.000000000000000000e+00
2.608693591528862271e+03	1.315340000000000014e-05	0.000000000000000000e+00
2.615331488708324741e+03	1.275899999999999931e-05	0.000000000000000000e+00
2.621969385887787666e+03	1.237659999999999937e-05	0.000000000000000000e+00
2.628607283067250592e+03	1.200599999999999991e-05	0.000000000000000000e+00
2.635245180246713062e+03	1.164729999999999943e-05	0.000000000000000000e+00
2.641883077426175987e+03	1.130049999999999963e-05	0.000000000000000000e+00
2.648520974605638457e+03	1.096599999999999970e-05	0.000000000000000000e+00
2.655158871785101383e+03	1.064420000000000051e-05	0.000000000000000000e+00
2.661796768964564308e+03	1.033539999999999933e-05	0.000000000000000000e+00
2.668434666144026778e+03	1.003969999999999978e-05	0.000000000000000000e+00
2.675072563323489703e+03	9.757309999999999589e-06	0.000000000000000000e+00
2.681710460502952628e+03	9.487720000000000363e-06	0.000000000000000000e+00
2.688348357682415099e+03	9.230250000000000268e-06	0.000000000000000000e+00
2.694986254861878024e+03	8.983839999999999692e-06	0.000000000000000000e+00
2.701624152041340494e+03	8.747319999999999794e-06	0.000000000000000000e+00
2.708262049220803419e+03	8.519579999999999159e-06	0.000000000000000000e+00
2.714899946400266344e+03	8.299679999999999791e-06	0.000000000000000000e+00
2.721537843579728815e+03	8.086839999999999640e-06	0.000000000000000000e+00
2.728175740759191740e+03	7.880349999999999860e-06	0.000000000000000000e+00
2.734813637938654210e+03	7.679639999999999541e-06	0.000000000000000000e+00
2.741451535118117135e+03	7.484270000000000088e-06	0.000000000000000000e+00
2.748089432297580061e+03	7.293920000000000293e-06	0.000000000000000000e+00
2.754727329477042531e+03	7.108329999999999754e-06	0.000000000000000000e+00
2.761365226656505456e+03	6.927239999999999765e-06	0.000000000000000000e+00
2.768003123835968381e+03	6.750360000000000367e-06	0.000000000000000000e+00
2.774641021015430852e+03	6.577390000000000057e-06	0.000000000000000000e+00
2.781278918194893777e+03	6.408029999999999869e-06	0.000000000000000000e+00
2.787916815374356247e+03	6.241960000000000288e-06	0.000000000000000000e+00
2.794554712553819172e+03	6.078920000000000067e-06	0.000000000000000000e+00
2.801192609733282097e+03	5.918629999999999947e-06	0.000000000000000000e+00
2.807830506912744568e+03	5.760840000000000226e-06	0.000000000000000000e+00
2.814468404092207493e+03	5.605279999999999804e-06	0.000000000000000000e+00
2.821106301271670418e+03	5.451660000000000418e-06	0.000000000000000000e+00
2.827744198451132888e+03	5.299729999999999825e-06	0.000000000000000000e+00
2.834382095630595813e+03	5.149319999999999684e-06	0.000000000000000000e+00
2.841019992810058284e+03	5.000370000000000034e-06	0.000000000000000000e+00
2.847657889989521209e+03	4.852920000000000286e-06	0.000000000000000000e+00
2.854295787168984134e+03	4.707069999999999810e-06	0.000000000000000000e+00
2.860933684348446604e+03	4.562969999999999784e-06	0.000000000000000000e+00
2.867571581527909530e+03	4.420850000000000203e-06	0.000000000000000000e+00
2.874209478707372455e+03	4.281039999999999588e-06	0.000000000000000000e+00
2.880847375886834925e+03	4.143929999999999811e-06	0.000000000000000000e+00
2.887485273066297850e+03	4.009999999999999723e-06	0.000000000000000000e+00
2.894123170245760321e+03	3.879669999999999906e-06	0.000000000000000000e+00
2.900761067425223246e+03	3.753330000000000112e-06	0.000000000000000000e+00
2.907398964604686171e+03	3.631250000000000173e-06	0.000000000000000000e+00
2.914036861784148641e+03	3.513540000000000160e-06	0.000000000000000000e+00
2.920674758963611566e+03	3.400179999999999944e-06	0.000000000000000000e+00
2.927312656143074037e+03	3.291040000000000173e-06	0.000000000000000000e+00
2.933950553322536962e+03	3.185959999999999817e-06	0.000000000000000000e+00
2.940588450501999887e+03	3.084800000000000094e-06	0.000000000000000000e+00
2.947226347681462357e+03	2.987409999999999829e-06	0.000000000000000000e+00
2.953864244860925282e+03	2.893669999999999944e-06	0.000000000000000000e+00
2.960502142040388208e+03	2.803419999999999834e-06	0.000000000000000000e+00
2.967140039219850678e+03	2.716489999999999888e-06	0.000000000000000000e+00
2.973777936399313603e+03	2.632710000000000074e-06	0.000000000000000000e+00
2.980415833578776073e+03	2.551930000000000061e-06	0.000000000000000000e+00
2.987053730758238999e+03	2.473930000000000131e-06	0.000000000000000000e+00
2.993691627937701924e+03	2.398520000000000119e-06	0.000000000000000000e+00
3.000329525117164394e+03	2.325440000000000050e-06	0.000000000000000000e+00
3.006967422296627319e+03	2.254439999999999798e-06	0.000000000000000000e+00
3.013605319476090244e+03	2.185240000000000104e-06	0.000000000000000000e+00
3.020243216655552715e+03	2.117619999999999979e-06	0.000000000000000000e+00
3.026881113835015640e+03	2.051360000000000126e-06	0.000000000000000000e+00
3.033519011014478110e+03	1.986249999999999829e-06	0.000000000000000000e+00
3.040156908193941035e+03	1.922140000000000032e-06	0.000000000000000000e+00
3.046794805373403960e+03	1.858860000000000063e-06	0.000000000000000000e+00
3.053432702552866431e+03	1.796319999999999981e-06	0.000000000000000000e+00
3.060070599732329356e+03	1.734470000000000099e-06	0.000000000000000000e+00
3.066708496911792281e+03	1.673320000000000057e-06	0.000000000000000000e+00
3.073346394091254751e+03	1.612879999999999921e-06	0.000000000000000000e+00
3.079984291270717677e+03	1.553200000000000011e-06	0.000000000000000000e+00
3.086622188450180147e+03	1.494300000000000033e-06	0.000000000000000000e+00
3.093260085629643072e+03	1.436209999999999968e-06	0.000000000000000000e+00
3.099897982809105997e+03	1.379009999999999906e-06	0.000000000000000000e+00
3.106535879988568468e+03	1.322809999999999918e-06	0.000000000000000000e+00
3.113173777168031393e+03	1.267780000000000040e-06	0.000000000000000000e+00
3.119811674347493863e+03	1.214139999999999992e-06	0.000000000000000000e+00
3.126449571526956788e+03	1.162109999999999915e-06	0.000000000000000000e+00
3.133087468706419713e+03	1.111869999999999910e-06	0.000000000000000000e+00
3.139725365885882184e+03	1.063570000000000093e-06	0.000000000000000000e+00
3.146363263065345109e+03	1.017310000000000048e-06	0.000000000000000000e+00
3.153001160244808034e+03	9.731370000000000139e-07	0.000000000000000000e+00
3.159639057424270504e+03	9.310410000000000319e-07	0.000000000000000000e+00
3.166276954603733429e+03	8.909939999999999645e-07	0.000000000000000000e+00
3.172914851783195900e+03	8.529280000000000523e-07	0.000000000000000000e+00
3.179552748962658825e+03	8.167549999999999838e-07	0.000000000000000000e+00
3.186190646142121750e+03	7.823700000000000369e-07	0.000000000000000000e+00
3.192828543321584220e+03	7.496569999999999742e-07	0.000000000000000000e+00
3.199466440501047146e+03	7.184989999999999542e-07	0.000000000000000000e+00
3.206104337680510071e+03	6.887790000000000295e-07	0.000000000000000000e+00
3.212742234859972541e+03	6.603910000000000270e-07	0.000000000000000000e+00
3.219380132039435466e+03	6.332479999999999805e-07	0.000000000000000000e+00
3.226018029218897937e+03	6.072850000000000014e-07	0.000000000000000000e+00
3.232655926398360862e+03	5.824500000000000308e-07	0.000000000000000000e+00
3.239293823577823787e+03	5.586899999999999821e-07	0.000000000000000000e+00
3.245931720757286257e+03	5.359409999999999946e-07	0.000000000000000000e+00
3.252569617936749182e+03	5.141159999999999960e-07	0.000000000000000000e+00
3.259207515116212107e+03	4.931179999999999559e-07	0.000000000000000000e+00
3.265845412295674578e+03	4.728419999999999932e-07	0.000000000000000000e+00
3.272483309475137503e+03	4.531919999999999992e-07	0.000000000000000000e+00
3.279121206654599973e+03	4.340870000000000144e-07	0.000000000000000000e+00
3.285759103834062898e+03	4.154679999999999984e-07	0.000000000000000000e+00
3.292397001013525824e+03	3.972979999999999885e-07	0.000000000000000000e+00
3.299034898192988294e+03	3.795599999999999921e-07	0.000000000000000000e+00
3.305672795372451219e+03	3.622649999999999951e-07	0.000000000000000000e+00
3.312310692551913689e+03	3.454779999999999917e-07	0.000000000000000000e+00
3.318948589731376615e+03	3.294820000000000118e-07	0.000000000000000000e+00
3.325586486910839540e+03	3.153869999999999905e-07	0.000000000000000000e+00
3.332224384090302010e+03	3.071930000000000165e-07	0.000000000000000000e+00
3.338862281269764935e+03	3.177160000000000109e-07	0.000000000000000000e+00
3.345500178449227860e+03	3.828889999999999817e-07	0.000000000000000000e+00
3.352138075628690331e+03	5.901959999999999732e-07	0.000000000000000000e+00
3.358775972808153256e+03	1.122879999999999954e-06	0.000000000000000000e+00
3.365413869987615726e+03	2.306989999999999828e-06	0.000000000000000000e+00
3.372051767167078651e+03	4.624529999999999920e-06	0.000000000000000000e+00
3.378689664346541576e+03	8.641160000000000120e-06	0.000000000000000000e+00
3.385327561526004047e+03	1.482090000000000069e-05	0.000000000000000000e+00
3.391965458705466972e+03	2.327599999999999873e-05	0.000000000000000000e+00
